nan nan nan -5.156078934669494629e-01 -3.890526294708251953e-01 -3.468029797077178955e-01
nan nan nan nan -4.951218962669372559e-01 -3.912051320075988770e-01
nan nan nan nan -5.782102346420288086e-01 -4.113449156284332275e-01
nan nan nan nan -5.782102346420288086e-01 -4.113449156284332275e-01
nan nan nan nan -4.463070333003997803e-01 -3.732343316078186035e-01
nan nan nan -4.746258854866027832e-01 -3.799985051155090332e-01 -3.407996296882629395e-01
nan nan nan nan -4.370157718658447266e-01 -3.691012859344482422e-01
nan nan nan -4.530961513519287109e-01 -3.762177824974060059e-01 -3.368938863277435303e-01
nan nan nan nan -4.926063120365142822e-01 -3.903842568397521973e-01
nan nan nan -5.802200436592102051e-01 -4.007198810577392578e-01 -3.528148829936981201e-01
nan nan nan nan -5.773678421974182129e-01 -4.111989438533782959e-01
nan nan nan nan -4.299148023128509521e-01 -3.659132421016693115e-01
nan nan nan nan -5.782102346420288086e-01 -4.113449156284332275e-01
nan nan nan nan -4.519852697849273682e-01 -3.754262328147888184e-01
nan nan nan nan -5.782102346420288086e-01 -4.113449156284332275e-01
nan nan nan nan -5.782102346420288086e-01 -4.113449156284332275e-01
nan nan nan nan -5.782102346420288086e-01 -4.113449156284332275e-01
nan nan nan -6.421955227851867676e-01 -4.086129665374755859e-01 -3.566423952579498291e-01
nan nan nan nan -4.512676298618316650e-01 -3.751580119132995605e-01
nan nan nan nan -4.722073078155517578e-01 -3.831847608089447021e-01
nan nan nan nan -5.743629336357116699e-01 -4.106652140617370605e-01
nan nan nan nan -5.782102346420288086e-01 -4.113449156284332275e-01
