5.27376e+04 1.76463e+05 6.29558e+05 2.56478e+06 1.05604e+07 3.99452e+07
1.02597e+04 4.47181e+04 1.93584e+05 9.25023e+05 4.20293e+06 1.70037e+07
3.16992e+02 1.77235e+03 9.44194e+03 5.23499e+04 2.66983e+05 1.18738e+06
1.35948e+02 7.66181e+02 4.14862e+03 2.30976e+04 1.19260e+05 5.38374e+05
6.85493e+00 3.97345e+01 2.27852e+02 1.28734e+03 6.94286e+03 3.30371e+04
1.66919e+02 9.38916e+02 5.06392e+03 2.81651e+04 1.44991e+05 6.52166e+05
4.39535e+04 1.51556e+05 5.52682e+05 2.29277e+06 9.54627e+06 3.63837e+07
1.40665e+01 8.09864e+01 4.58038e+02 2.57875e+03 1.37626e+04 6.46638e+04
6.70520e+00 3.88747e+01 2.23016e+02 1.26016e+03 6.79843e+03 3.23625e+04
1.57412e+02 8.85930e+02 4.78353e+03 2.66133e+04 1.37119e+05 6.17399e+05
1.42484e+01 8.20240e+01 4.63792e+02 2.61098e+03 1.39320e+04 6.54449e+04
5.88605e+02 3.27187e+03 1.72245e+04 9.52095e+04 4.81205e+05 2.11688e+06
2.39292e+04 9.11607e+04 3.57552e+05 1.57526e+06 6.80621e+06 2.66030e+07
2.28664e+01 1.31051e+02 7.34308e+02 4.12427e+03 2.18557e+04 1.01813e+05
6.70520e+00 3.88747e+01 2.23016e+02 1.26016e+03 6.79843e+03 3.23625e+04
7.92315e+01 4.48811e+02 2.45549e+03 1.37074e+04 7.13348e+04 3.25106e+05
3.16100e+01 1.80611e+02 1.00573e+03 5.63975e+03 2.97458e+04 1.37780e+05
6.70520e+00 3.88747e+01 2.23016e+02 1.26016e+03 6.79843e+03 3.23625e+04
2.96830e+03 1.57947e+04 7.91278e+04 4.26472e+05 2.08733e+06 8.88512e+06
2.32143e+02 1.30176e+03 6.97653e+03 3.87400e+04 1.98473e+05 8.87548e+05
1.42978e+01 8.23056e+01 4.65354e+02 2.61972e+03 1.39780e+04 6.56567e+04
6.70520e+00 3.88747e+01 2.23016e+02 1.26016e+03 6.79843e+03 3.23625e+04
6.70520e+00 3.88747e+01 2.23016e+02 1.26016e+03 6.79843e+03 3.23625e+04
6.08505e+02 3.38144e+03 1.77900e+04 9.83189e+04 4.96679e+05 2.18368e+06
6.55779e+02 3.64157e+03 1.91310e+04 1.05692e+05 5.33342e+05 2.34178e+06
1.06349e+03 5.87882e+03 3.05990e+04 1.68646e+05 8.45047e+05 3.67890e+06
6.08334e+01 3.45452e+02 1.89961e+03 1.06181e+04 5.54710e+04 2.53988e+05
4.79342e+03 2.36076e+04 1.11760e+05 5.74880e+05 2.73378e+06 1.14100e+07
5.80542e+01 3.29815e+02 1.81526e+03 1.01489e+04 5.30560e+04 2.43130e+05
3.64575e+03 1.87649e+04 9.17475e+04 4.84662e+05 2.34294e+06 9.88919e+06
2.18121e+02 1.22384e+03 6.56682e+03 3.64761e+04 1.87044e+05 8.37360e+05
3.26109e+01 1.86275e+02 1.03665e+03 5.81225e+03 3.06417e+04 1.41851e+05
6.70520e+00 3.88747e+01 2.23016e+02 1.26016e+03 6.79843e+03 3.23625e+04
4.45338e+03 2.21937e+04 1.05979e+05 5.49047e+05 2.62246e+06 1.09784e+07
6.70520e+00 3.88747e+01 2.23016e+02 1.26016e+03 6.79843e+03 3.23625e+04
2.51514e+04 9.50611e+04 3.70693e+05 1.62537e+06 7.00197e+06 2.73127e+07
4.86714e+02 2.71034e+03 1.43205e+04 7.92316e+04 4.01561e+05 1.77245e+06
8.41042e+01 4.76145e+02 2.60205e+03 1.45213e+04 7.55047e+04 3.43748e+05
6.70520e+00 3.88747e+01 2.23016e+02 1.26016e+03 6.79843e+03 3.23625e+04
1.11753e+03 6.17466e+03 3.21083e+04 1.76922e+05 8.85872e+05 3.85327e+06
2.28765e+02 1.28299e+03 6.87788e+03 3.81950e+04 1.95722e+05 8.75474e+05
6.70520e+00 3.88747e+01 2.23016e+02 1.26016e+03 6.79843e+03 3.23625e+04
6.04595e+04 1.97795e+05 6.94153e+05 2.78975e+06 1.13912e+07 4.28432e+07
7.55323e+02 4.18877e+03 2.19461e+04 1.21160e+05 6.10139e+05 2.67230e+06
7.87380e+02 4.36484e+03 2.28503e+04 1.26126e+05 6.34763e+05 2.77812e+06
6.70520e+00 3.88747e+01 2.23016e+02 1.26016e+03 6.79843e+03 3.23625e+04
1.71256e+02 9.63083e+02 5.19170e+03 2.88722e+04 1.48575e+05 6.67986e+05
1.41922e+01 8.17033e+01 4.62014e+02 2.60102e+03 1.38797e+04 6.52036e+04
7.27765e+01 4.12576e+02 2.26093e+03 1.26265e+04 6.57915e+04 3.00292e+05
9.97848e+04 3.00568e+05 9.93103e+05 3.79717e+06 1.50368e+07 5.53878e+07
1.41013e+01 8.11849e+01 4.59139e+02 2.58492e+03 1.37951e+04 6.48133e+04
9.77678e+00 5.64820e+01 3.21687e+02 1.81433e+03 9.73450e+03 4.60319e+04
2.90130e+01 1.65906e+02 9.25368e+02 5.19129e+03 2.74148e+04 1.27175e+05
4.74387e+02 2.64233e+03 1.39681e+04 7.72912e+04 3.91874e+05 1.73047e+06
4.47368e+02 2.49321e+03 1.31947e+04 7.30327e+04 3.70599e+05 1.63822e+06
4.90295e+02 2.73009e+03 1.44229e+04 7.97949e+04 4.04372e+05 1.78463e+06
1.27271e+02 7.17724e+02 3.89116e+03 2.16712e+04 1.12003e+05 5.06202e+05
3.17883e+03 1.67285e+04 8.31286e+04 4.45048e+05 2.16928e+06 9.20793e+06
1.73348e+01 9.96079e+01 5.61101e+02 3.15575e+03 1.67908e+04 7.86017e+04
1.38320e+01 7.96493e+01 4.50622e+02 2.53720e+03 1.35442e+04 6.36564e+04
2.37402e+01 1.36011e+02 7.61552e+02 4.27650e+03 2.26500e+04 1.05443e+05
1.31091e+01 7.55246e+01 4.27727e+02 2.40893e+03 1.28695e+04 6.05427e+04
4.89068e+01 2.78296e+02 1.53675e+03 8.59904e+03 4.50663e+04 2.07143e+05
1.86318e+02 1.04695e+03 5.63470e+03 3.13228e+04 1.60988e+05 7.22718e+05
6.70520e+00 3.88747e+01 2.23016e+02 1.26016e+03 6.79843e+03 3.23625e+04
2.57231e+02 1.44104e+03 7.70781e+03 4.27792e+04 2.18838e+05 9.76852e+05
1.25496e+02 7.07810e+02 3.83845e+03 2.13791e+04 1.10516e+05 4.99604e+05
6.70520e+00 3.88747e+01 2.23016e+02 1.26016e+03 6.79843e+03 3.23625e+04
7.39788e+02 4.10342e+03 2.15075e+04 1.18750e+05 5.98188e+05 2.62092e+06
6.70520e+00 3.88747e+01 2.23016e+02 1.26016e+03 6.79843e+03 3.23625e+04
1.90461e+02 1.07001e+03 5.75636e+03 3.19956e+04 1.64394e+05 7.37720e+05
1.46775e+03 8.08892e+03 4.18429e+04 2.30252e+05 1.14833e+06 4.97093e+06
2.82948e+02 1.58370e+03 8.45534e+03 4.69060e+04 2.39616e+05 1.06781e+06
1.67627e+01 9.63505e+01 5.43102e+02 3.05502e+03 1.62628e+04 7.61751e+04
1.41117e+01 8.12446e+01 4.59470e+02 2.58677e+03 1.38048e+04 6.48582e+04
2.08657e+04 8.12401e+04 3.23769e+05 1.44528e+06 6.29563e+06 2.47449e+07
1.43473e+01 8.25882e+01 4.66921e+02 2.62850e+03 1.40241e+04 6.58693e+04
2.22155e+02 1.24626e+03 6.68475e+03 3.71278e+04 1.90335e+05 8.51818e+05
2.55876e+03 1.39466e+04 7.11076e+04 3.88841e+05 1.92025e+06 8.22397e+06
2.21836e+03 1.21782e+04 6.24986e+04 3.43218e+05 1.70145e+06 7.31184e+06
4.63102e+01 2.63655e+02 1.45743e+03 8.15739e+03 4.27857e+04 1.96849e+05
1.41187e+01 8.12844e+01 4.59691e+02 2.58800e+03 1.38113e+04 6.48881e+04
1.66754e+04 6.72806e+04 2.75231e+05 1.25531e+06 5.54144e+06 2.19801e+07
1.92142e+01 1.10300e+02 6.20104e+02 3.48583e+03 1.85193e+04 8.65357e+04
6.70520e+00 3.88747e+01 2.23016e+02 1.26016e+03 6.79843e+03 3.23625e+04
1.95410e+02 1.09755e+03 5.90162e+03 3.27989e+04 1.68458e+05 7.55615e+05
5.15500e+04 1.73138e+05 6.19391e+05 2.52908e+06 1.04280e+07 3.94816e+07
9.84980e+01 5.56806e+02 3.03363e+03 1.69166e+04 8.77573e+04 3.98418e+05
1.01328e+04 4.42522e+04 1.91846e+05 9.17809e+05 4.17324e+06 1.68922e+07
1.41571e+01 8.15036e+01 4.60906e+02 2.59481e+03 1.38471e+04 6.50532e+04
1.74907e+01 1.00495e+02 5.66001e+02 3.18317e+03 1.69345e+04 7.92617e+04
1.52864e+02 8.60569e+02 4.64921e+03 2.58697e+04 1.33345e+05 6.00716e+05
1.36622e+01 7.86803e+01 4.45245e+02 2.50708e+03 1.33858e+04 6.29257e+04
3.83544e+02 2.14061e+03 1.13621e+04 6.29373e+04 3.20088e+05 1.41878e+06
6.70520e+00 3.88747e+01 2.23016e+02 1.26016e+03 6.79843e+03 3.23625e+04
8.73601e+02 4.83808e+03 2.52773e+04 1.39451e+05 7.00761e+05 3.06135e+06
3.96261e+01 2.25932e+02 1.25265e+03 7.01659e+03 3.68859e+04 1.70173e+05
3.59058e+02 2.00520e+03 1.06569e+04 5.90498e+04 3.00606e+05 1.33398e+06
6.70520e+00 3.88747e+01 2.23016e+02 1.26016e+03 6.79843e+03 3.23625e+04
1.58103e+03 8.70713e+03 4.49765e+04 2.47405e+05 1.23254e+06 5.32848e+06
1.38354e+01 7.96688e+01 4.50730e+02 2.53781e+03 1.35474e+04 6.36711e+04
9.33435e+00 5.39495e+01 3.07537e+02 1.73492e+03 9.31471e+03 4.40828e+04
6.70520e+00 3.88747e+01 2.23016e+02 1.26016e+03 6.79843e+03 3.23625e+04
8.53040e+03 3.82971e+04 1.69418e+05 8.24124e+05 3.78603e+06 1.54332e+07
1.96848e+02 1.10555e+03 5.94379e+03 3.30320e+04 1.69637e+05 7.60808e+05
2.69783e+02 1.51069e+03 8.07292e+03 4.47951e+04 2.28992e+05 1.02132e+06
1.22880e+02 6.93194e+02 3.76071e+03 2.09483e+04 1.08322e+05 4.89868e+05
1.60290e+01 9.21724e+01 5.19998e+02 2.92570e+03 1.55846e+04 7.30558e+04
1.50458e+03 8.28997e+03 4.28624e+04 2.35834e+05 1.17574e+06 5.08737e+06
6.70520e+00 3.88747e+01 2.23016e+02 1.26016e+03 6.79843e+03 3.23625e+04
5.89662e+01 3.34947e+02 1.84295e+03 1.03029e+04 5.38490e+04 2.46697e+05
2.08736e+02 1.17167e+03 6.29218e+03 3.49582e+04 1.79375e+05 8.03651e+05
6.70520e+00 3.88747e+01 2.23016e+02 1.26016e+03 6.79843e+03 3.23625e+04
1.91237e+04 7.54967e+04 3.03951e+05 1.36821e+06 5.99085e+06 2.36306e+07
6.70520e+00 3.88747e+01 2.23016e+02 1.26016e+03 6.79843e+03 3.23625e+04
3.19324e+02 1.78526e+03 9.50940e+03 5.27221e+04 2.68853e+05 1.19554e+06
2.07650e+03 1.14065e+04 5.86125e+04 3.21982e+05 1.59771e+06 6.87403e+06
1.47227e+04 6.05900e+04 2.51485e+05 1.16079e+06 5.16220e+06 2.05799e+07
8.23511e+01 4.66313e+02 2.54935e+03 1.42286e+04 7.40058e+04 3.37049e+05
1.43864e+01 8.28109e+01 4.68155e+02 2.63541e+03 1.40604e+04 6.60369e+04
3.83396e+04 1.35210e+05 5.01251e+05 2.10787e+06 8.85007e+06 3.39226e+07
1.31146e+05 3.77629e+05 1.20735e+06 4.49253e+06 1.74956e+07 6.37161e+07
4.29692e+02 2.39561e+03 1.26879e+04 7.02418e+04 3.56646e+05 1.57766e+06
1.36892e+01 7.88345e+01 4.46101e+02 2.51188e+03 1.34111e+04 6.30421e+04
1.45405e+04 5.99588e+04 2.49226e+05 1.15173e+06 5.12574e+06 2.04449e+07
1.22140e+04 5.17808e+04 2.19650e+05 1.03217e+06 4.64146e+06 1.86451e+07
1.22450e+02 6.90787e+02 3.74790e+03 2.08773e+04 1.07961e+05 4.88264e+05
6.70520e+00 3.88747e+01 2.23016e+02 1.26016e+03 6.79843e+03 3.23625e+04
6.70520e+00 3.88747e+01 2.23016e+02 1.26016e+03 6.79843e+03 3.23625e+04
2.15851e+01 1.23775e+02 6.94308e+02 3.90072e+03 2.06884e+04 9.64731e+04
1.43935e+01 8.28515e+01 4.68380e+02 2.63668e+03 1.40671e+04 6.60674e+04
1.43509e+01 8.26084e+01 4.67033e+02 2.62913e+03 1.40274e+04 6.58845e+04
5.12481e+01 2.91490e+02 1.60817e+03 8.99658e+03 4.71177e+04 2.16393e+05
5.51953e+04 1.83306e+05 6.50393e+05 2.63768e+06 1.08304e+07 4.08888e+07
6.70520e+00 3.88747e+01 2.23016e+02 1.26016e+03 6.79843e+03 3.23625e+04
6.70520e+00 3.88747e+01 2.23016e+02 1.26016e+03 6.79843e+03 3.23625e+04
1.57355e+05 4.39691e+05 1.37528e+06 5.02550e+06 1.93543e+07 6.99530e+07
6.05119e+03 2.87073e+04 1.32228e+05 6.64981e+05 3.11841e+06 1.28918e+07
2.25531e+03 1.23792e+04 6.35097e+04 3.48742e+05 1.72842e+06 7.42556e+06
6.70520e+00 3.88747e+01 2.23016e+02 1.26016e+03 6.79843e+03 3.23625e+04
1.36588e+01 7.86610e+01 4.45138e+02 2.50648e+03 1.33827e+04 6.29112e+04
9.41469e+02 5.21027e+03 2.71828e+04 1.49908e+05 7.52488e+05 3.28300e+06
3.18156e+02 1.77880e+03 9.47562e+03 5.25357e+04 2.67916e+05 1.19145e+06
5.37015e+01 3.05310e+02 1.68290e+03 9.41251e+03 4.92624e+04 2.26056e+05
6.70520e+00 3.88747e+01 2.23016e+02 1.26016e+03 6.79843e+03 3.23625e+04
1.04923e+02 5.92775e+02 3.22569e+03 1.79820e+04 9.31980e+04 4.22649e+05
1.41222e+01 8.13042e+01 4.59801e+02 2.58862e+03 1.38146e+04 6.49031e+04
1.72574e+01 9.91673e+01 5.58667e+02 3.14213e+03 1.67195e+04 7.82737e+04
1.39522e+01 8.03347e+01 4.54424e+02 2.55850e+03 1.36562e+04 6.41729e+04
6.70520e+00 3.88747e+01 2.23016e+02 1.26016e+03 6.79843e+03 3.23625e+04
1.41022e+02 7.94508e+02 4.29897e+03 2.39304e+04 1.23494e+05 5.57127e+05
6.70520e+00 3.88747e+01 2.23016e+02 1.26016e+03 6.79843e+03 3.23625e+04
8.50863e+00 4.92199e+01 2.81075e+02 1.58637e+03 8.52864e+03 4.04286e+04
1.12951e+02 6.37686e+02 3.46517e+03 1.93100e+04 9.99736e+04 4.52786e+05
6.70520e+00 3.88747e+01 2.23016e+02 1.26016e+03 6.79843e+03 3.23625e+04
6.70520e+00 3.88747e+01 2.23016e+02 1.26016e+03 6.79843e+03 3.23625e+04
2.31191e+03 1.26868e+04 6.50572e+04 3.57196e+05 1.76968e+06 7.59950e+06
1.68756e+01 9.69934e+01 5.46655e+02 3.07491e+03 1.63671e+04 7.66544e+04
1.35914e+01 7.82768e+01 4.43006e+02 2.49454e+03 1.33199e+04 6.26214e+04
2.70774e+02 1.51618e+03 8.10172e+03 4.49540e+04 2.29792e+05 1.02482e+06
6.03611e+01 3.42795e+02 1.88529e+03 1.05384e+04 5.50610e+04 2.52145e+05
6.70520e+00 3.88747e+01 2.23016e+02 1.26016e+03 6.79843e+03 3.23625e+04
5.59966e+02 3.11414e+03 1.64098e+04 9.07286e+04 4.58891e+05 2.02050e+06
3.42132e+04 1.22944e+05 4.62069e+05 1.96523e+06 8.30886e+06 3.19994e+07
7.62604e+01 4.32137e+02 2.36600e+03 1.32103e+04 6.87861e+04 3.13702e+05
9.67841e+01 5.47208e+02 2.98235e+03 1.66321e+04 8.63032e+04 3.91938e+05
4.37639e+02 2.43949e+03 1.29158e+04 7.14970e+04 3.62922e+05 1.60491e+06
7.71185e+02 4.27590e+03 2.23937e+04 1.23618e+05 6.22329e+05 2.72470e+06
9.75378e+04 2.94905e+05 9.77065e+05 3.74432e+06 1.48482e+07 5.47450e+07
7.49071e+02 4.15442e+03 2.17696e+04 1.20190e+05 6.05330e+05 2.65163e+06
9.06984e+03 4.03197e+04 1.77084e+05 8.56313e+05 3.91949e+06 1.59371e+07
2.01386e+01 1.15556e+02 6.49065e+02 3.64779e+03 1.93664e+04 9.04193e+04
2.97730e+05 7.48919e+05 2.16946e+06 7.44028e+06 2.75580e+07 9.69962e+07
1.17661e+04 5.01789e+04 2.13784e+05 1.00821e+06 4.54379e+06 1.82805e+07
1.73785e+02 9.77171e+02 5.26616e+03 2.92841e+04 1.50663e+05 6.77198e+05
1.35478e+01 7.80281e+01 4.41625e+02 2.48680e+03 1.32792e+04 6.24337e+04
2.37305e+02 1.33042e+03 7.12716e+03 3.95721e+04 2.02671e+05 9.05970e+05
6.70520e+00 3.88747e+01 2.23016e+02 1.26016e+03 6.79843e+03 3.23625e+04
2.13377e+02 1.19747e+03 6.42803e+03 3.57090e+04 1.83169e+05 8.20332e+05
1.36487e+01 7.86033e+01 4.44818e+02 2.50469e+03 1.33733e+04 6.28677e+04
4.88501e+02 2.72020e+03 1.43716e+04 7.95127e+04 4.02964e+05 1.77853e+06
6.70520e+00 3.88747e+01 2.23016e+02 1.26016e+03 6.79843e+03 3.23625e+04
6.70520e+00 3.88747e+01 2.23016e+02 1.26016e+03 6.79843e+03 3.23625e+04
1.71718e+03 9.44963e+03 4.87344e+04 2.67968e+05 1.33338e+06 5.75601e+06
6.70520e+00 3.88747e+01 2.23016e+02 1.26016e+03 6.79843e+03 3.23625e+04
6.61253e+02 3.67168e+03 1.92861e+04 1.06544e+05 5.37579e+05 2.36003e+06
4.66725e+01 2.65698e+02 1.46851e+03 8.21907e+03 4.31043e+04 1.98288e+05
2.06809e+05 5.52421e+05 1.67198e+06 5.94583e+06 2.25190e+07 8.04714e+07
1.52964e+03 8.42675e+03 4.35558e+04 2.39629e+05 1.19438e+06 5.16650e+06
5.95990e+02 3.31254e+03 1.74344e+04 9.63638e+04 4.86950e+05 2.14169e+06
1.43105e+02 8.06130e+02 4.36063e+03 2.42719e+04 1.25229e+05 5.64810e+05
1.02736e+02 5.80534e+02 3.16035e+03 1.76196e+04 9.13480e+04 4.14413e+05
4.12008e+01 2.34824e+02 1.30098e+03 7.28589e+03 3.82799e+04 1.76482e+05
6.70520e+00 3.88747e+01 2.23016e+02 1.26016e+03 6.79843e+03 3.23625e+04
4.02260e+02 2.24406e+03 1.19004e+04 6.59031e+04 3.34939e+05 1.48336e+06
6.70520e+00 3.88747e+01 2.23016e+02 1.26016e+03 6.79843e+03 3.23625e+04
2.66833e+02 1.49432e+03 7.98716e+03 4.43216e+04 2.26607e+05 1.01088e+06
1.23241e+01 7.10435e+01 4.02826e+02 2.26938e+03 1.21349e+04 5.71490e+04
2.21342e+02 1.24175e+03 6.66100e+03 3.69966e+04 1.89672e+05 8.48908e+05
3.67042e+02 2.04936e+03 1.08870e+04 6.03182e+04 3.06965e+05 1.36167e+06
6.70520e+00 3.88747e+01 2.23016e+02 1.26016e+03 6.79843e+03 3.23625e+04
1.61370e+01 9.27874e+01 5.23400e+02 2.94475e+03 1.56845e+04 7.35154e+04
2.53487e+02 1.42027e+03 7.59883e+03 4.21773e+04 2.15806e+05 9.63564e+05
6.70520e+00 3.88747e+01 2.23016e+02 1.26016e+03 6.79843e+03 3.23625e+04
5.19905e+02 2.89337e+03 1.52682e+04 8.44478e+04 4.27586e+05 1.88513e+06
2.01963e+02 1.13401e+03 6.09377e+03 3.38613e+04 1.73831e+05 7.79264e+05
5.83260e+03 2.78343e+04 1.28763e+05 6.49868e+05 3.05427e+06 1.26456e+07
3.85999e+03 1.96848e+04 9.55972e+04 5.02192e+05 2.41935e+06 1.01877e+07
1.41828e+04 5.87157e+04 2.44769e+05 1.13384e+06 5.05358e+06 2.01776e+07
2.53857e+05 6.55562e+05 1.93581e+06 6.74509e+06 2.52278e+07 8.93857e+07
1.44613e+01 8.32377e+01 4.70522e+02 2.64867e+03 1.41301e+04 6.63579e+04
1.35512e+01 7.80471e+01 4.41731e+02 2.48740e+03 1.32823e+04 6.24481e+04
2.11574e+05 5.63030e+05 1.69943e+06 6.02975e+06 2.28051e+07 8.14164e+07
2.48141e+05 6.43212e+05 1.90455e+06 6.65123e+06 2.49115e+07 8.83484e+07
3.12379e+02 1.74680e+03 9.30843e+03 5.16135e+04 2.63284e+05 1.17123e+06
1.87689e+02 1.05458e+03 5.67496e+03 3.15455e+04 1.62115e+05 7.27685e+05
1.49214e+01 8.58611e+01 4.85058e+02 2.73008e+03 1.45577e+04 6.83285e+04
