flag 	 layers 	 learning_rate 	 activation_function 
0	2	0.0012690909090909092	linear
0	2	0.0012109090909090908	sigmoid
0	2	0.0013418181818181819	linear
0	1	0.0011963636363636365	tanh
0	2	0.0016109090909090908	sigmoid
0	1	0.0015818181818181818	relu
0	2	0.0011890909090909092	elu
0	2	0.0013854545454545454	linear
0	1	0.0014145454545454546	relu
0	2	0.0013636363636363637	linear
0	2	0.0015090909090909091	relu
0	1	0.0010509090909090908	linear
0	1	0.0010363636363636365	relu
0	2	0.0017127272727272727	sigmoid
0	2	0.0015454545454545456	relu
0	2	0.0012618181818181819	relu
0	2	0.0016763636363636364	elu
0	2	0.0012327272727272727	sigmoid
0	1	0.0011381818181818181	tanh
0	2	0.0011381818181818181	linear
0	2	0.0012981818181818181	relu
0	1	0.0014509090909090908	elu
0	1	0.0010945454545454546	sigmoid
0	1	0.0010072727272727273	sigmoid
0	1	0.0014872727272727273	linear
0	1	0.0013127272727272727	linear
0	1	0.0012836363636363635	elu
0	2	0.001458181818181818	relu
0	2	0.00116	linear
0	1	0.0013927272727272727	sigmoid
0	1	0.0011163636363636365	sigmoid
0	2	0.00124	linear
0	2	0.0012909090909090908	relu
0	2	0.0010872727272727273	sigmoid
0	2	0.00156	sigmoid
0	2	0.0016690909090909091	elu
0	2	0.0012254545454545454	tanh
0	1	0.001618181818181818	tanh
0	1	0.0011454545454545454	sigmoid
0	2	0.00132	elu
0	1	0.001530909090909091	relu
0	2	0.0014945454545454546	tanh
0	2	0.0014436363636363635	sigmoid
0	1	0.00108	elu
0	1	0.0016836363636363637	sigmoid
0	1	0.001589090909090909	tanh
0	2	0.0015236363636363637	sigmoid
0	1	0.0014218181818181819	sigmoid
0	1	0.0016545454545454545	elu
0	1	0.00116	relu
0	1	0.0015018181818181819	relu
0	2	0.00164	elu
0	2	0.0012181818181818181	sigmoid
0	1	0.0012472727272727273	linear
0	2	0.0013563636363636365	elu
0	2	0.0015963636363636362	sigmoid
0	2	0.0010145454545454546	sigmoid
0	1	0.00156	linear
0	1	0.0012109090909090908	relu
0	1	0.0015745454545454546	elu
0	1	0.0015527272727272727	relu
0	1	0.001021818181818182	sigmoid
0	1	0.00172	relu
0	2	0.0015381818181818183	linear
0	2	0.0014072727272727273	linear
0	2	0.0010290909090909092	linear
0	1	0.0014727272727272727	sigmoid
0	2	0.0014654545454545454	sigmoid
0	1	0.0011672727272727273	tanh
0	1	0.0014727272727272727	tanh
0	1	0.0016981818181818183	linear
0	2	0.0016545454545454545	linear
0	2	0.00108	linear
0	1	0.0012763636363636362	tanh
0	1	0.0011818181818181819	linear
0	1	0.0013272727272727273	sigmoid
0	2	0.0016472727272727273	relu
0	2	0.0012763636363636362	relu
0	2	0.0011018181818181819	tanh
0	1	0.0013054545454545454	linear
0	2	0.0010654545454545454	tanh
0	1	0.0013345454545454546	relu
0	1	0.0016327272727272727	elu
0	1	0.001690909090909091	relu
0	1	0.0010290909090909092	relu
0	2	0.0014363636363636362	sigmoid
0	1	0.0013781818181818181	linear
0	2	0.0016254545454545454	linear
0	1	0.0010654545454545454	sigmoid
0	1	0.0010581818181818181	tanh
0	2	0.0015090909090909091	linear
0	1	0.0013563636363636365	relu
0	2	0.0014290909090909092	relu
0	2	0.001370909090909091	sigmoid
0	2	0.001690909090909091	relu
0	1	0.0016036363636363635	relu
0	2	0.0011236363636363635	relu
0	2	0.0011163636363636365	sigmoid
0	1	0.0011963636363636365	linear
0	1	0.0014	linear
