0.0730406	 1.58
0.1460812	 1.58
0.21912179999999998	 1.58
0.2921624	 1.58
0.365203	 1.58
0.4382436	 1.58
0.5112842	 1.58
0.5843248	 1.58
0.6573654	 1.58
0.730406	 1.58
0.8034466	 1.58
0.8764872	 1.58
0.9495277999999999	 1.58
1.0225684	 1.58
1.0956089999999998	 1.58
1.1686496	 1.58
1.2416901999999999	 1.58
1.3147307999999998	 1.58
1.3877713999999999	 1.58
1.4608119999999998	 1.58
1.5338526	 1.58
1.6068931999999998	 1.58
1.6799338	 1.58
1.7529743999999998	 1.58
1.8260149999999997	 1.58
1.8990555999999998	 1.58
1.9720961999999997	 1.58
2.0451368	 1.58
2.1181774	 1.58
2.191218	 1.58
2.2642586000000002	 1.58
2.3372992	 1.58
2.4103398	 1.58
2.4833804	 1.58
2.556421	 1.58
2.6294616	 1.58
2.7025022	 1.58
2.7755428	 1.58
2.8485834	 1.58
2.921624	 1.58
2.9946646	 1.58
3.0677052	 1.58
3.1407458	 1.58
3.2137864	 1.58
3.286827	 1.58
3.3598676	 1.58
3.4329082	 1.58
3.5059488	 1.58
3.5789893999999998	 1.58
3.65203	 1.58
3.7250706	 1.58
3.7981112	 1.58
3.8711518	 1.58
3.9441924	 1.58
4.017233	 1.58
4.0902736	 1.58
4.163314199999999	 1.58
4.236354799999999	 1.58
4.3093954	 1.58
4.382435999999999	 1.58
4.4554766	 1.58
4.5285172	 1.58
4.601557799999999	 1.58
4.6745984	 1.58
4.7476389999999995	 1.58
4.820679599999999	 1.58
4.8937202	 1.58
4.966760799999999	 1.58
5.039801399999999	 1.58
5.112842	 1.58
5.185882599999999	 1.58
5.2589232	 1.58
5.3319638	 1.58
5.405004399999999	 1.58
5.478045	 1.58
5.5510855999999995	 1.58
5.624126199999999	 1.58
5.6971668	 1.58
5.770207399999999	 1.58
5.843247999999999	 1.58
5.9162886	 1.58
5.989329199999999	 1.58
6.062369799999999	 1.58
6.1354104	 1.58
6.208450999999999	 1.58
6.2814916	 1.58
6.3545321999999995	 1.58
6.427572799999999	 1.58
6.5006134	 1.58
6.573653999999999	 1.58
6.646694599999999	 1.58
6.7197352	 1.58
6.792775799999999	 1.58
6.865816399999999	 1.58
6.938857	 1.58
7.011897599999999	 1.58
7.084938199999999	 1.58
7.1579787999999995	 1.58
7.231019399999999	 1.58
7.30406	 1.58
7.3771005999999995	 1.58
7.450141199999999	 1.58
7.5231818	 1.58
7.596222399999999	 1.58
7.669262999999999	 1.58
7.7423036	 1.58
7.815344199999999	 1.58
7.888384799999999	 1.58
7.9614253999999995	 1.58
8.034466	 1.58
8.1075066	 1.58
8.1805472	 1.58
8.2535878	 1.58
8.3266284	 1.58
8.399669	 1.58
8.4727096	 1.58
8.5457502	 1.58
8.618790800000001	 1.58
8.6918314	 1.58
8.764872	 1.58
8.837912600000001	 1.58
8.9109532	 1.58
8.9839938	 1.58
9.057034400000001	 1.58
9.130075	 1.58
9.2031156	 1.58
9.2761562	 1.58
9.3491968	 1.58
9.4222374	 1.58
9.495278	 1.58
9.5683186	 1.58
9.6413592	 1.58
9.7143998	 1.58
9.7874404	 1.58
9.860481	 1.58
9.9335216	 1.58
10.0065622	 1.58
10.0796028	 1.58
10.1526434	 1.58
10.225684	 1.58
10.2987246	 1.58
10.3717652	 1.58
10.444805800000001	 1.58
10.5178464	 1.58
10.590887	 1.58
10.663927600000001	 1.58
10.7369682	 1.58
10.8100088	 1.58
10.8830494	 1.58
10.95609	 1.58
11.0291306	 1.58
11.1021712	 1.58
11.1752118	 1.58
11.2482524	 1.58
11.321293	 1.58
11.3943336	 1.58
11.4673742	 1.58
11.5404148	 1.58
11.6134554	 1.58
11.686496	 1.58
11.7595366	 1.58
11.8325772	 1.58
11.9056178	 1.58
11.9786584	 1.58
12.051699	 1.58
12.1247396	 1.58
12.1977802	 1.58
12.270820800000001	 1.58
12.3438614	 1.58
12.416902	 1.58
12.489942600000001	 1.58
12.5629832	 1.58
12.6360238	 1.58
12.7090644	 1.58
12.782105	 1.58
12.8551456	 1.58
12.9281862	 1.58
13.0012268	 1.58
13.0742674	 1.58
13.147308	 1.58
13.2203486	 1.58
13.2933892	 1.58
13.3664298	 1.58
13.4394704	 1.58
13.512511	 1.58
13.5855516	 1.58
13.6585922	 1.58
13.7316328	 1.58
13.8046734	 1.58
13.877714	 1.58
13.9507546	 1.58
14.0237952	 1.58
14.0968358	 1.58
14.1698764	 1.58
14.242917	 1.58
14.3159576	 1.58
14.3889982	 1.58
14.4620388	 1.58
14.5350794	 1.58
14.60812	 1.58
14.6811606	 1.58
14.7542012	 1.58
14.8272418	 1.58
14.9002824	 1.58
14.973323	 1.58
15.0463636	 1.58
15.1194042	 1.58
15.1924448	 1.58
15.2654854	 1.58
15.338526	 1.58
15.4115666	 1.58
15.4846072	 1.58
15.5576478	 1.58
15.6306884	 1.58
15.703729	 1.58
15.7767696	 1.58
15.8498102	 1.58
15.922850799999999	 1.58
15.9958914	 1.58
16.068932	 1.58
16.1419726	 1.58
16.215013199999998	 1.58
16.288053799999997	 1.58
16.3610944	 1.58
16.434134999999998	 1.58
16.507175599999997	 1.58
16.5802162	 1.58
16.653256799999998	 1.58
16.726297399999996	 1.58
16.799338	 1.58
16.872378599999998	 1.58
16.9454192	 1.58
17.0184598	 1.58
17.091500399999997	 1.58
17.164541	 1.58
17.2375816	 1.58
17.310622199999997	 1.58
17.3836628	 1.58
17.4567034	 1.58
17.529743999999997	 1.58
17.6027846	 1.58
17.6758252	 1.58
17.748865799999997	 1.58
17.8219064	 1.58
17.894947	 1.58
17.967987599999997	 1.58
18.0410282	 1.58
18.1140688	 1.58
18.187109399999997	 1.58
18.26015	 1.58
18.3331906	 1.58
18.406231199999997	 1.58
18.4792718	 1.58
18.552312399999998	 1.58
18.625352999999997	 1.58
18.6983936	 1.58
18.771434199999998	 1.58
18.844474799999997	 1.58
18.9175154	 1.58
18.990555999999998	 1.58
19.063596599999997	 1.58
19.1366372	 1.58
19.209677799999998	 1.58
19.282718399999997	 1.58
19.355759	 1.58
19.428799599999998	 1.58
19.501840199999997	 1.58
19.5748808	 1.58
19.647921399999998	 1.58
19.720961999999997	 1.58
19.7940026	 1.58
19.867043199999998	 1.58
19.940083799999996	 1.58
20.0131244	 1.58
20.086164999999998	 1.58
20.159205599999996	 1.58
20.2322462	 1.58
20.305286799999998	 1.58
20.378327399999996	 1.58
20.451368	 1.58
20.524408599999997	 1.58
20.597449199999996	 1.58
20.6704898	 1.58
20.743530399999997	 1.58
20.816571	 1.58
20.8896116	 1.58
20.962652199999997	 1.58
21.0356928	 1.58
21.1087334	 1.58
21.181773999999997	 1.58
21.2548146	 1.58
21.3278552	 1.58
21.400895799999997	 1.58
21.4739364	 1.58
21.546977	 1.58
21.620017599999997	 1.58
21.6930582	 1.58
21.766098799999998	 1.58
21.839139399999997	 1.58
21.91218	 1.58
21.985220599999998	 1.58
22.058261199999997	 1.58
22.1313018	 1.58
22.204342399999998	 1.58
22.277382999999997	 1.58
22.3504236	 1.58
22.423464199999998	 1.58
22.496504799999997	 1.58
22.5695454	 1.58
22.642585999999998	 1.58
22.715626599999997	 1.58
22.7886672	 1.58
22.861707799999998	 1.58
22.934748399999997	 1.58
23.007789	 1.58
23.080829599999998	 1.58
23.153870199999997	 1.58
23.2269108	 1.58
23.299951399999998	 1.58
23.372991999999996	 1.58
23.4460326	 1.58
23.519073199999998	 1.58
23.592113799999996	 1.58
23.6651544	 1.58
23.738194999999997	 1.58
23.811235599999996	 1.58
23.8842762	 1.58
23.957316799999997	 1.58
24.030357399999996	 1.58
24.103398	 1.58
24.176438599999997	 1.58
24.249479199999996	 1.58
24.3225198	 1.58
24.395560399999997	 1.58
24.468601	 1.58
24.5416416	 1.58
24.614682199999997	 1.58
24.6877228	 1.58
24.7607634	 1.58
24.833803999999997	 1.58
24.9068446	 1.58
24.9798852	 1.58
25.052925799999997	 1.58
25.1259664	 1.58
25.199006999999998	 1.58
25.272047599999997	 1.58
25.3450882	 1.58
25.418128799999998	 1.58
25.491169399999997	 1.58
25.56421	 1.58
25.637250599999998	 1.58
25.710291199999997	 1.58
25.7833318	 1.58
25.856372399999998	 1.58
25.929412999999997	 1.58
26.0024536	 1.58
26.075494199999998	 1.58
26.148534799999997	 1.58
26.2215754	 1.58
26.294615999999998	 1.58
26.367656599999997	 1.58
26.4406972	 1.58
26.513737799999998	 1.58
26.586778399999996	 1.58
26.659819	 1.58
26.732859599999998	 1.58
26.805900199999996	 1.58
26.8789408	 1.58
26.951981399999998	 1.58
27.025021999999996	 1.58
27.0980626	 1.58
27.171103199999997	 1.58
27.244143799999996	 1.58
27.3171844	 1.58
27.390224999999997	 1.58
27.463265599999996	 1.58
27.5363062	 1.58
27.609346799999997	 1.58
27.682387399999996	 1.58
27.755428	 1.58
27.828468599999997	 1.58
27.901509199999996	 1.58
27.9745498	 1.58
28.047590399999997	 1.58
28.120630999999996	 1.58
28.1936716	 1.58
28.266712199999997	 1.58
28.3397528	 1.58
28.412793399999998	 1.58
28.485833999999997	 1.58
28.5588746	 1.58
28.631915199999998	 1.58
28.704955799999997	 1.58
28.7779964	 1.58
28.851036999999998	 1.58
28.924077599999997	 1.58
28.9971182	 1.58
29.070158799999998	 1.58
29.143199399999997	 1.58
29.21624	 1.58
29.289280599999998	 1.58
29.362321199999997	 1.58
29.4353618	 1.58
29.508402399999998	 1.58
29.581442999999997	 1.58
29.6544836	 1.58
29.727524199999998	 1.58
29.800564799999997	 1.58
29.8736054	 1.58
29.946645999999998	 1.58
30.019686599999996	 1.58
30.0927272	 1.58
30.165767799999998	 1.58
30.238808399999996	 1.58
30.311849	 1.58
30.384889599999998	 1.58
30.457930199999996	 1.58
30.5309708	 1.58
30.604011399999997	 1.58
30.677051999999996	 1.58
30.7500926	 1.58
30.823133199999997	 1.58
30.896173799999996	 1.58
30.9692144	 1.58
31.042254999999997	 1.58
31.115295599999996	 1.58
31.1883362	 1.58
31.261376799999997	 1.58
31.334417399999996	 1.58
31.407458	 1.58
31.480498599999997	 1.58
31.553539199999996	 1.58
31.6265798	 1.58
31.699620399999997	 1.58
31.772660999999996	 1.58
31.845701599999998	 1.58
31.918742199999997	 1.58
31.9917828	 1.58
32.0648234	 1.58
32.137864	 1.58
32.2109046	 1.58
32.2839452	 1.58
32.3569858	 1.58
32.430026399999996	 1.58
32.503066999999994	 1.58
32.5761076	 1.58
32.6491482	 1.58
32.7221888	 1.58
32.7952294	 1.58
32.868269999999995	 1.58
32.941310599999994	 1.58
33.0143512	 1.58
33.0873918	 1.58
33.1604324	 1.58
33.233473	 1.58
33.306513599999995	 1.58
33.379554199999994	 1.58
33.4525948	 1.58
33.5256354	 1.58
33.598676	 1.58
33.671716599999996	 1.58
33.744757199999995	 1.58
33.8177978	 1.58
33.8908384	 1.58
33.963879	 1.58
34.0369196	 1.58
34.109960199999996	 1.58
34.183000799999995	 1.58
34.2560414	 1.58
34.329082	 1.58
34.4021226	 1.58
34.4751632	 1.58
34.548203799999996	 1.58
34.621244399999995	 1.58
34.694285	 1.58
34.7673256	 1.58
34.8403662	 1.58
34.9134068	 1.58
34.986447399999996	 1.58
35.059487999999995	 1.58
35.1325286	 1.58
35.2055692	 1.58
35.2786098	 1.58
35.3516504	 1.58
35.424690999999996	 1.58
35.497731599999995	 1.58
35.5707722	 1.58
35.6438128	 1.58
35.7168534	 1.58
35.789894	 1.58
35.862934599999996	 1.58
35.935975199999994	 1.58
36.0090158	 1.58
36.0820564	 1.58
36.155097	 1.58
36.2281376	 1.58
36.301178199999995	 1.58
36.374218799999994	 1.58
36.4472594	 1.58
36.5203	 1.58
36.5933406	 1.58
36.6663812	 1.58
36.739421799999995	 1.58
36.812462399999994	 1.58
36.885503	 1.58
36.9585436	 1.58
37.0315842	 1.58
37.104624799999996	 1.58
37.177665399999995	 1.58
37.250705999999994	 1.58
37.3237466	 1.58
37.3967872	 1.58
37.4698278	 1.58
37.542868399999996	 1.58
37.615908999999995	 1.58
37.6889496	 1.58
37.7619902	 1.58
37.8350308	 1.58
37.9080714	 1.58
37.981111999999996	 1.58
38.054152599999995	 1.58
38.1271932	 1.58
38.2002338	 1.58
38.2732744	 1.58
38.346315	 1.58
38.419355599999996	 1.58
38.492396199999995	 1.58
38.5654368	 1.58
38.6384774	 1.58
38.711518	 1.58
38.7845586	 1.58
38.857599199999996	 1.58
38.930639799999994	 1.58
39.0036804	 1.58
39.076721	 1.58
39.1497616	 1.58
39.2228022	 1.58
39.295842799999996	 1.58
39.368883399999994	 1.58
39.441924	 1.58
39.5149646	 1.58
39.5880052	 1.58
39.6610458	 1.58
39.734086399999995	 1.58
39.807126999999994	 1.58
39.8801676	 1.58
39.9532082	 1.58
40.0262488	 1.58
40.099289399999996	 1.58
40.172329999999995	 1.58
40.245370599999994	 1.58
40.3184112	 1.58
40.3914518	 1.58
40.4644924	 1.58
40.537532999999996	 1.58
40.610573599999995	 1.58
40.683614199999994	 1.58
40.7566548	 1.58
40.8296954	 1.58
40.902736	 1.58
40.975776599999996	 1.58
41.048817199999995	 1.58
41.121857799999994	 1.58
41.1948984	 1.58
41.267939	 1.58
41.3409796	 1.58
41.414020199999996	 1.58
41.487060799999995	 1.58
41.5601014	 1.58
41.633142	 1.58
41.7061826	 1.58
41.7792232	 1.58
41.852263799999996	 1.58
41.925304399999995	 1.58
41.998345	 1.58
42.0713856	 1.58
42.1444262	 1.58
42.2174668	 1.58
42.290507399999996	 1.58
42.363547999999994	 1.58
42.4365886	 1.58
42.5096292	 1.58
42.5826698	 1.58
42.6557104	 1.58
42.728750999999995	 1.58
42.801791599999994	 1.58
42.8748322	 1.58
42.9478728	 1.58
43.0209134	 1.58
43.093954	 1.58
43.166994599999995	 1.58
43.240035199999994	 1.58
43.3130758	 1.58
43.3861164	 1.58
43.459157	 1.58
43.532197599999996	 1.58
43.605238199999995	 1.58
43.678278799999994	 1.58
43.7513194	 1.58
43.82436	 1.58
43.8974006	 1.58
43.970441199999996	 1.58
44.043481799999995	 1.58
44.116522399999994	 1.58
44.189563	 1.58
44.2626036	 1.58
44.3356442	 1.58
44.408684799999996	 1.58
44.481725399999995	 1.58
44.554765999999994	 1.58
44.6278066	 1.58
44.7008472	 1.58
44.7738878	 1.58
44.846928399999996	 1.58
44.919968999999995	 1.58
44.9930096	 1.58
45.0660502	 1.58
45.1390908	 1.58
45.2121314	 1.58
45.285171999999996	 1.58
45.358212599999995	 1.58
45.4312532	 1.58
45.5042938	 1.58
45.5773344	 1.58
45.650375	 1.58
45.723415599999996	 1.58
45.796456199999994	 1.58
45.8694968	 1.58
45.9425374	 1.58
46.015578	 1.58
46.0886186	 1.58
46.161659199999995	 1.58
46.234699799999994	 1.58
46.3077404	 1.58
46.380781	 1.58
46.4538216	 1.58
46.5268622	 1.58
46.599902799999995	 1.58
46.672943399999994	 1.58
46.745984	 1.58
46.8190246	 1.58
46.8920652	 1.58
46.965105799999996	 1.58
47.038146399999995	 1.58
47.111186999999994	 1.58
47.1842276	 1.58
47.2572682	 1.58
47.3303088	 1.58
47.403349399999996	 1.58
47.476389999999995	 1.58
47.549430599999994	 1.58
47.6224712	 1.58
47.6955118	 1.58
47.7685524	 1.58
47.841592999999996	 1.58
47.914633599999995	 1.58
47.987674199999994	 1.58
48.0607148	 1.58
48.1337554	 1.58
48.206796	 1.58
48.279836599999996	 1.58
48.352877199999995	 1.58
48.42591779999999	 1.58
48.4989584	 1.58
48.571999	 1.58
48.6450396	 1.58
48.718080199999996	 1.58
48.791120799999995	 1.58
48.8641614	 1.58
48.937202	 1.58
49.0102426	 1.58
49.0832832	 1.58
49.156323799999996	 1.58
49.229364399999994	 1.58
49.302405	 1.58
49.3754456	 1.58
49.4484862	 1.58
49.5215268	 1.58
49.594567399999995	 1.58
49.667607999999994	 1.58
49.7406486	 1.58
49.8136892	 1.58
49.8867298	 1.58
49.9597704	 1.58
50.032810999999995	 1.58
50.105851599999994	 1.58
50.1788922	 1.58
50.2519328	 1.58
50.3249734	 1.58
50.398013999999996	 1.58
50.471054599999995	 1.58
50.544095199999994	 1.58
50.6171358	 1.58
50.6901764	 1.58
50.763217	 1.58
50.836257599999996	 1.58
50.909298199999995	 1.58
50.982338799999994	 1.58
51.0553794	 1.58
51.12842	 1.58
51.2014606	 1.58
51.274501199999996	 1.58
51.347541799999995	 1.58
51.420582399999994	 1.58
51.493623	 1.58
51.5666636	 1.58
51.6397042	 1.58
51.712744799999996	 1.58
51.785785399999995	 1.58
51.85882599999999	 1.58
51.9318666	 1.58
52.0049072	 1.58
52.0779478	 1.58
52.150988399999996	 1.58
52.224028999999994	 1.58
52.29706959999999	 1.58
52.3701102	 1.58
52.4431508	 1.58
52.5161914	 1.58
52.589231999999996	 1.58
52.662272599999994	 1.58
52.7353132	 1.58
52.8083538	 1.58
52.8813944	 1.58
52.954435	 1.58
53.027475599999995	 1.58
53.100516199999994	 1.58
53.1735568	 1.58
53.2465974	 1.58
53.319638	 1.58
53.392678599999996	 1.58
53.465719199999995	 1.58
53.538759799999994	 1.58
53.6118004	 1.58
53.684841	 1.58
53.7578816	 1.58
53.830922199999996	 1.58
53.903962799999995	 1.58
53.977003399999994	 1.58
54.050044	 1.58
54.1230846	 1.58
54.1961252	 1.58
54.269165799999996	 1.58
54.342206399999995	 1.58
54.415246999999994	 1.58
54.4882876	 1.58
54.5613282	 1.58
54.6343688	 1.58
54.707409399999996	 1.58
54.780449999999995	 1.58
54.85349059999999	 1.58
54.9265312	 1.58
54.9995718	 1.58
55.0726124	 1.58
55.145652999999996	 1.58
55.218693599999995	 1.58
55.29173419999999	 1.58
55.3647748	 1.58
55.4378154	 1.58
55.510856	 1.58
55.583896599999996	 1.58
55.656937199999994	 1.58
55.72997779999999	 1.58
55.8030184	 1.58
55.876059	 1.58
55.9490996	 1.58
56.022140199999996	 1.58
56.095180799999994	 1.58
56.16822139999999	 1.58
56.241262	 1.58
56.3143026	 1.58
56.3873432	 1.58
56.460383799999995	 1.58
56.533424399999994	 1.58
56.606465	 1.58
56.6795056	 1.58
56.7525462	 1.58
56.825586799999996	 1.58
56.898627399999995	 1.58
56.971667999999994	 1.58
57.0447086	 1.58
57.1177492	 1.58
57.1907898	 1.58
57.263830399999996	 1.58
57.336870999999995	 1.58
57.409911599999994	 1.58
57.4829522	 1.58
57.5559928	 1.58
57.6290334	 1.58
57.702073999999996	 1.58
57.775114599999995	 1.58
57.848155199999994	 1.58
57.9211958	 1.58
57.9942364	 1.58
58.067277	 1.58
58.140317599999996	 1.58
58.213358199999995	 1.58
58.28639879999999	 1.58
58.3594394	 1.58
58.43248	 1.58
58.5055206	 1.58
58.578561199999996	 1.58
58.651601799999995	 1.58
58.72464239999999	 1.58
58.797683	 1.58
58.8707236	 1.58
58.9437642	 1.58
59.016804799999996	 1.58
59.089845399999994	 1.58
59.16288599999999	 1.58
59.2359266	 1.58
59.3089672	 1.58
59.3820078	 1.58
59.455048399999995	 1.58
59.528088999999994	 1.58
59.60112959999999	 1.58
59.6741702	 1.58
59.7472108	 1.58
59.8202514	 1.58
59.893291999999995	 1.58
59.966332599999994	 1.58
60.0393732	 1.58
60.1124138	 1.58
60.1854544	 1.58
60.258494999999996	 1.58
60.331535599999995	 1.58
60.404576199999994	 1.58
60.4776168	 1.58
60.5506574	 1.58
60.623698	 1.58
60.696738599999996	 1.58
60.769779199999995	 1.58
60.842819799999994	 1.58
60.9158604	 1.58
60.988901	 1.58
61.0619416	 1.58
61.134982199999996	 1.58
61.208022799999995	 1.58
61.281063399999994	 1.58
61.354104	 1.58
61.4271446	 1.58
61.5001852	 1.58
61.573225799999996	 1.58
61.646266399999995	 1.58
61.71930699999999	 1.58
61.7923476	 1.58
61.8653882	 1.58
61.9384288	 1.58
62.011469399999996	 1.58
62.084509999999995	 1.58
62.15755059999999	 1.58
62.2305912	 1.58
62.3036318	 1.58
62.3766724	 1.58
62.449712999999996	 1.58
62.522753599999994	 1.58
62.59579419999999	 1.58
62.6688348	 1.58
62.7418754	 1.58
62.814916	 1.58
62.887956599999995	 1.58
62.960997199999994	 1.58
63.03403779999999	 1.58
63.1070784	 1.58
63.180119	 1.58
63.2531596	 1.58
63.326200199999995	 1.58
63.399240799999994	 1.58
63.47228139999999	 1.58
63.545322	 1.58
63.6183626	 1.58
63.691403199999996	 1.58
63.764443799999995	 1.58
63.837484399999994	 1.58
63.910525	 1.58
63.9835656	 1.58
64.0566062	 1.58
64.1296468	 1.58
64.2026874	 1.58
64.275728	 1.58
64.3487686	 1.58
64.4218092	 1.58
64.4948498	 1.58
64.5678904	 1.58
64.640931	 1.58
64.7139716	 1.58
64.78701219999999	 1.58
64.86005279999999	 1.58
64.93309339999999	 1.58
65.006134	 1.58
65.0791746	 1.58
65.1522152	 1.58
65.2252558	 1.58
65.2982964	 1.58
65.371337	 1.58
65.4443776	 1.58
65.5174182	 1.58
65.5904588	 1.58
65.66349939999999	 1.58
65.73653999999999	 1.58
65.80958059999999	 1.58
65.8826212	 1.58
65.9556618	 1.58
66.0287024	 1.58
66.101743	 1.58
66.1747836	 1.58
66.2478242	 1.58
66.3208648	 1.58
66.3939054	 1.58
66.466946	 1.58
66.53998659999999	 1.58
66.61302719999999	 1.58
66.68606779999999	 1.58
66.7591084	 1.58
66.832149	 1.58
66.9051896	 1.58
66.9782302	 1.58
67.0512708	 1.58
67.1243114	 1.58
67.197352	 1.58
67.2703926	 1.58
67.34343319999999	 1.58
67.41647379999999	 1.58
67.48951439999999	 1.58
67.562555	 1.58
67.6355956	 1.58
67.7086362	 1.58
67.7816768	 1.58
67.8547174	 1.58
67.927758	 1.58
68.0007986	 1.58
68.0738392	 1.58
68.1468798	 1.58
68.21992039999999	 1.58
68.29296099999999	 1.58
68.36600159999999	 1.58
68.4390422	 1.58
68.5120828	 1.58
68.5851234	 1.58
68.658164	 1.58
68.7312046	 1.58
68.8042452	 1.58
68.8772858	 1.58
68.9503264	 1.58
69.023367	 1.58
69.09640759999999	 1.58
69.16944819999999	 1.58
69.24248879999999	 1.58
69.3155294	 1.58
69.38857	 1.58
69.4616106	 1.58
69.5346512	 1.58
69.6076918	 1.58
69.6807324	 1.58
69.753773	 1.58
69.8268136	 1.58
69.8998542	 1.58
69.97289479999999	 1.58
70.04593539999999	 1.58
70.11897599999999	 1.58
70.1920166	 1.58
70.2650572	 1.58
70.3380978	 1.58
70.4111384	 1.58
70.484179	 1.58
70.5572196	 1.58
70.6302602	 1.58
70.7033008	 1.58
70.77634139999999	 1.58
70.84938199999999	 1.58
70.92242259999999	 1.58
70.99546319999999	 1.58
71.0685038	 1.58
71.1415444	 1.58
71.214585	 1.58
71.2876256	 1.58
71.3606662	 1.58
71.4337068	 1.58
71.5067474	 1.58
71.579788	 1.58
71.65282859999999	 1.58
71.72586919999999	 1.58
71.79890979999999	 1.58
71.8719504	 1.58
71.944991	 1.58
72.0180316	 1.58
72.0910722	 1.58
72.1641128	 1.58
72.2371534	 1.58
72.310194	 1.58
72.3832346	 1.58
72.4562752	 1.58
72.52931579999999	 1.58
72.60235639999999	 1.58
72.67539699999999	 1.58
72.7484376	 1.58
72.8214782	 1.58
72.8945188	 1.58
72.9675594	 1.58
73.0406	 1.58
73.1136406	 1.58
73.1866812	 1.58
73.2597218	 1.58
73.3327624	 1.58
73.40580299999999	 1.58
73.47884359999999	 1.58
73.55188419999999	 1.58
73.6249248	 1.58
73.6979654	 1.58
73.771006	 1.58
73.8440466	 1.58
73.9170872	 1.58
73.9901278	 1.58
74.0631684	 1.58
74.136209	 1.58
74.20924959999999	 1.58
74.28229019999999	 1.58
74.35533079999999	 1.58
74.42837139999999	 1.58
74.501412	 1.58
74.5744526	 1.58
74.6474932	 1.58
74.7205338	 1.58
74.7935744	 1.58
74.866615	 1.58
74.9396556	 1.58
75.0126962	 1.58
75.08573679999999	 1.58
75.15877739999999	 1.58
75.23181799999999	 1.58
75.3048586	 1.58
75.3778992	 1.58
75.4509398	 1.58
75.5239804	 1.58
75.597021	 1.58
75.6700616	 1.58
75.7431022	 1.58
75.8161428	 1.58
75.8891834	 1.58
75.96222399999999	 1.58
76.03526459999999	 1.58
76.10830519999999	 1.58
76.1813458	 1.58
76.2543864	 1.58
76.327427	 1.58
76.4004676	 1.58
76.4735082	 1.58
76.5465488	 1.58
76.6195894	 1.58
76.69263	 1.58
76.76567059999999	 1.58
76.83871119999999	 1.58
76.91175179999999	 1.58
76.98479239999999	 1.58
77.057833	 1.58
77.1308736	 1.58
77.2039142	 1.58
77.2769548	 1.58
77.3499954	 1.58
77.423036	 1.58
77.4960766	 1.58
77.5691172	 1.58
77.64215779999999	 1.58
77.71519839999999	 1.58
77.78823899999999	 1.58
77.86127959999999	 1.58
77.9343202	 1.58
78.0073608	 1.58
78.0804014	 1.58
78.153442	 1.58
78.2264826	 1.58
78.2995232	 1.58
78.3725638	 1.58
78.4456044	 1.58
78.51864499999999	 1.58
78.59168559999999	 1.58
78.66472619999999	 1.58
78.7377668	 1.58
78.8108074	 1.58
78.883848	 1.58
78.9568886	 1.58
79.0299292	 1.58
79.1029698	 1.58
79.1760104	 1.58
79.249051	 1.58
79.3220916	 1.58
79.39513219999999	 1.58
79.46817279999999	 1.58
79.54121339999999	 1.58
79.614254	 1.58
79.6872946	 1.58
79.7603352	 1.58
79.8333758	 1.58
79.9064164	 1.58
79.979457	 1.58
80.0524976	 1.58
80.1255382	 1.58
80.19857879999999	 1.58
80.27161939999999	 1.58
80.34465999999999	 1.58
80.41770059999999	 1.58
80.4907412	 1.58
80.5637818	 1.58
80.6368224	 1.58
80.709863	 1.58
80.7829036	 1.58
80.8559442	 1.58
80.9289848	 1.58
81.0020254	 1.58
81.07506599999999	 1.58
81.14810659999999	 1.58
81.22114719999999	 1.58
81.29418779999999	 1.58
81.3672284	 1.58
81.440269	 1.58
81.5133096	 1.58
81.5863502	 1.58
81.6593908	 1.58
81.7324314	 1.58
81.805472	 1.58
81.8785126	 1.58
81.95155319999999	 1.58
82.02459379999999	 1.58
82.09763439999999	 1.58
82.17067499999999	 1.58
82.2437156	 1.58
82.3167562	 1.58
82.3897968	 1.58
82.4628374	 1.58
82.535878	 1.58
82.6089186	 1.58
82.6819592	 1.58
82.7549998	 1.58
82.82804039999999	 1.58
82.90108099999999	 1.58
82.97412159999999	 1.58
83.0471622	 1.58
83.1202028	 1.58
83.1932434	 1.58
83.266284	 1.58
83.3393246	 1.58
83.4123652	 1.58
83.4854058	 1.58
83.5584464	 1.58
83.63148699999999	 1.58
83.70452759999999	 1.58
83.77756819999999	 1.58
83.85060879999999	 1.58
83.9236494	 1.58
83.99669	 1.58
84.0697306	 1.58
84.1427712	 1.58
84.2158118	 1.58
84.2888524	 1.58
84.361893	 1.58
84.4349336	 1.58
84.50797419999999	 1.58
84.58101479999999	 1.58
84.65405539999999	 1.58
84.72709599999999	 1.58
84.8001366	 1.58
84.8731772	 1.58
84.9462178	 1.58
85.0192584	 1.58
85.092299	 1.58
85.1653396	 1.58
85.2383802	 1.58
85.3114208	 1.58
85.38446139999999	 1.58
85.45750199999999	 1.58
85.53054259999999	 1.58
85.60358319999999	 1.58
85.6766238	 1.58
85.7496644	 1.58
85.822705	 1.58
85.8957456	 1.58
85.9687862	 1.58
86.0418268	 1.58
86.1148674	 1.58
86.187908	 1.58
86.26094859999999	 1.58
86.33398919999999	 1.58
86.40702979999999	 1.58
86.4800704	 1.58
86.553111	 1.58
86.6261516	 1.58
86.6991922	 1.58
86.7722328	 1.58
86.8452734	 1.58
86.918314	 1.58
86.9913546	 1.58
87.06439519999999	 1.58
87.13743579999999	 1.58
87.21047639999999	 1.58
87.28351699999999	 1.58
87.3565576	 1.58
87.4295982	 1.58
87.5026388	 1.58
87.5756794	 1.58
87.64872	 1.58
87.7217606	 1.58
87.7948012	 1.58
87.8678418	 1.58
87.94088239999999	 1.58
88.01392299999999	 1.58
88.08696359999999	 1.58
88.16000419999999	 1.58
88.2330448	 1.58
88.3060854	 1.58
88.379126	 1.58
88.4521666	 1.58
88.5252072	 1.58
88.5982478	 1.58
88.6712884	 1.58
88.744329	 1.58
88.81736959999999	 1.58
88.89041019999999	 1.58
88.96345079999999	 1.58
89.03649139999999	 1.58
89.109532	 1.58
89.1825726	 1.58
89.2556132	 1.58
89.3286538	 1.58
89.4016944	 1.58
89.474735	 1.58
89.5477756	 1.58
89.6208162	 1.58
89.69385679999999	 1.58
89.76689739999999	 1.58
89.83993799999999	 1.58
89.9129786	 1.58
89.9860192	 1.58
90.0590598	 1.58
90.1321004	 1.58
90.205141	 1.58
90.2781816	 1.58
90.3512222	 1.58
90.4242628	 1.58
90.49730339999999	 1.58
90.57034399999999	 1.58
90.64338459999999	 1.58
90.71642519999999	 1.58
90.7894658	 1.58
90.8625064	 1.58
90.935547	 1.58
91.0085876	 1.58
91.0816282	 1.58
91.1546688	 1.58
91.2277094	 1.58
91.30075	 1.58
91.37379059999999	 1.58
91.44683119999999	 1.58
91.51987179999999	 1.58
91.59291239999999	 1.58
91.665953	 1.58
91.7389936	 1.58
91.8120342	 1.58
91.8850748	 1.58
91.9581154	 1.58
92.031156	 1.58
92.1041966	 1.58
92.1772372	 1.58
92.25027779999999	 1.58
92.32331839999999	 1.58
92.39635899999999	 1.58
92.46939959999999	 1.58
92.5424402	 1.58
92.6154808	 1.58
92.6885214	 1.58
92.761562	 1.58
92.8346026	 1.58
92.9076432	 1.58
92.9806838	 1.58
93.0537244	 1.58
93.12676499999999	 1.58
93.19980559999999	 1.58
93.27284619999999	 1.58
93.34588679999999	 1.58
93.4189274	 1.58
93.491968	 1.58
93.5650086	 1.58
93.6380492	 1.58
93.7110898	 1.58
93.7841304	 1.58
93.857171	 1.58
93.93021159999999	 1.58
94.00325219999999	 1.58
94.07629279999999	 1.58
94.14933339999999	 1.58
94.222374	 1.58
94.2954146	 1.58
94.3684552	 1.58
94.4414958	 1.58
94.5145364	 1.58
94.587577	 1.58
94.6606176	 1.58
94.7336582	 1.58
94.80669879999999	 1.58
94.87973939999999	 1.58
94.95277999999999	 1.58
95.02582059999999	 1.58
95.0988612	 1.58
95.1719018	 1.58
95.2449424	 1.58
95.317983	 1.58
95.3910236	 1.58
95.4640642	 1.58
95.5371048	 1.58
95.6101454	 1.58
95.68318599999999	 1.58
95.75622659999999	 1.58
95.82926719999999	 1.58
95.90230779999999	 1.58
95.9753484	 1.58
96.048389	 1.58
96.1214296	 1.58
96.1944702	 1.58
96.2675108	 1.58
96.3405514	 1.58
96.413592	 1.58
96.4866326	 1.58
96.55967319999999	 1.58
96.63271379999999	 1.58
96.70575439999999	 1.58
96.77879499999999	 1.58
96.8518356	 1.58
96.9248762	 1.58
96.9979168	 1.58
97.0709574	 1.58
97.143998	 1.58
97.2170386	 1.58
97.2900792	 1.58
97.36311979999999	 1.58
97.43616039999999	 1.58
97.50920099999999	 1.58
97.58224159999999	 1.58
97.6552822	 1.58
97.7283228	 1.58
97.8013634	 1.58
97.874404	 1.58
97.9474446	 1.58
98.0204852	 1.58
98.0935258	 1.58
98.1665664	 1.58
98.23960699999999	 1.58
98.31264759999999	 1.58
98.38568819999999	 1.58
98.45872879999999	 1.58
98.5317694	 1.58
98.60481	 1.58
98.6778506	 1.58
98.7508912	 1.58
98.8239318	 1.58
98.8969724	 1.58
98.970013	 1.58
99.0430536	 1.58
99.11609419999999	 1.58
99.18913479999999	 1.58
99.26217539999999	 1.58
99.33521599999999	 1.58
99.4082566	 1.58
99.4812972	 1.58
99.5543378	 1.58
99.6273784	 1.58
99.700419	 1.58
99.7734596	 1.58
99.8465002	 1.58
99.9195408	 1.58
99.99258139999999	 1.58
100.06562199999999	 1.58
100.13866259999999	 1.58
100.21170319999999	 1.58
100.2847438	 1.58
100.3577844	 1.58
100.430825	 1.58
100.5038656	 1.58
100.5769062	 1.58
100.6499468	 1.58
100.7229874	 1.58
100.79602799999999	 1.58
100.86906859999999	 1.58
100.94210919999999	 1.58
101.01514979999999	 1.58
101.0881904	 1.58
101.161231	 1.58
101.2342716	 1.58
101.3073122	 1.58
101.3803528	 1.58
101.4533934	 1.58
101.526434	 1.58
101.5994746	 1.58
101.67251519999999	 1.58
101.74555579999999	 1.58
101.81859639999999	 1.58
101.89163699999999	 1.58
101.9646776	 1.58
102.0377182	 1.58
102.1107588	 1.58
102.1837994	 1.58
102.25684	 1.58
102.3298806	 1.58
102.4029212	 1.58
102.4759618	 1.58
102.54900239999999	 1.58
102.62204299999999	 1.58
102.69508359999999	 1.58
102.76812419999999	 1.58
102.8411648	 1.58
102.9142054	 1.58
102.987246	 1.58
103.0602866	 1.58
103.1333272	 1.58
103.2063678	 1.58
103.2794084	 1.58
103.352449	 1.58
103.42548959999999	 1.58
103.49853019999999	 1.58
103.57157079999999	 1.58
103.64461139999999	 1.58
103.717652	 1.58
103.7906926	 1.58
103.8637332	 1.58
103.9367738	 1.58
104.0098144	 1.58
104.082855	 1.58
104.1558956	 1.58
104.22893619999999	 1.58
104.30197679999999	 1.58
104.37501739999999	 1.58
104.44805799999999	 1.58
104.52109859999999	 1.58
104.5941392	 1.58
104.6671798	 1.58
104.7402204	 1.58
104.813261	 1.58
104.8863016	 1.58
104.9593422	 1.58
105.0323828	 1.58
105.10542339999999	 1.58
105.17846399999999	 1.58
105.25150459999999	 1.58
105.32454519999999	 1.58
105.3975858	 1.58
105.4706264	 1.58
105.543667	 1.58
105.6167076	 1.58
105.6897482	 1.58
105.7627888	 1.58
105.8358294	 1.58
105.90887	 1.58
105.98191059999999	 1.58
106.05495119999999	 1.58
106.12799179999999	 1.58
106.20103239999999	 1.58
106.274073	 1.58
106.3471136	 1.58
106.4201542	 1.58
106.4931948	 1.58
106.5662354	 1.58
106.639276	 1.58
106.7123166	 1.58
106.78535719999999	 1.58
106.85839779999999	 1.58
106.93143839999999	 1.58
107.00447899999999	 1.58
107.07751959999999	 1.58
107.1505602	 1.58
107.2236008	 1.58
107.2966414	 1.58
107.369682	 1.58
107.4427226	 1.58
107.5157632	 1.58
107.5888038	 1.58
107.66184439999999	 1.58
107.73488499999999	 1.58
107.80792559999999	 1.58
107.88096619999999	 1.58
107.95400679999999	 1.58
108.0270474	 1.58
108.100088	 1.58
108.1731286	 1.58
108.2461692	 1.58
108.3192098	 1.58
108.3922504	 1.58
108.465291	 1.58
108.53833159999999	 1.58
108.61137219999999	 1.58
108.68441279999999	 1.58
108.75745339999999	 1.58
108.830494	 1.58
108.9035346	 1.58
108.9765752	 1.58
109.0496158	 1.58
109.1226564	 1.58
109.195697	 1.58
109.2687376	 1.58
109.3417782	 1.58
109.41481879999999	 1.58
109.48785939999999	 1.58
109.56089999999999	 1.58
109.63394059999999	 1.58
109.7069812	 1.58
109.7800218	 1.58
109.8530624	 1.58
109.926103	 1.58
109.9991436	 1.58
110.0721842	 1.58
110.1452248	 1.58
110.21826539999999	 1.58
110.29130599999999	 1.58
110.36434659999999	 1.58
110.43738719999999	 1.58
110.51042779999999	 1.58
110.5834684	 1.58
110.656509	 1.58
110.7295496	 1.58
110.8025902	 1.58
110.8756308	 1.58
110.9486714	 1.58
111.021712	 1.58
111.09475259999999	 1.58
111.16779319999999	 1.58
111.24083379999999	 1.58
111.31387439999999	 1.58
111.38691499999999	 1.58
111.4599556	 1.58
111.5329962	 1.58
111.6060368	 1.58
111.6790774	 1.58
111.752118	 1.58
111.8251586	 1.58
111.8981992	 1.58
111.97123979999999	 1.58
112.04428039999999	 1.58
112.11732099999999	 1.58
112.19036159999999	 1.58
112.26340219999999	 1.58
112.3364428	 1.58
112.4094834	 1.58
112.482524	 1.58
112.5555646	 1.58
112.6286052	 1.58
112.7016458	 1.58
112.7746864	 1.58
112.84772699999999	 1.58
112.92076759999999	 1.58
112.99380819999999	 1.58
113.06684879999999	 1.58
113.1398894	 1.58
113.21293	 1.58
113.2859706	 1.58
113.3590112	 1.58
113.4320518	 1.58
113.5050924	 1.58
113.578133	 1.58
113.65117359999999	 1.58
113.72421419999999	 1.58
113.79725479999999	 1.58
113.87029539999999	 1.58
113.94333599999999	 1.58
114.0163766	 1.58
114.0894172	 1.58
114.1624578	 1.58
114.2354984	 1.58
114.308539	 1.58
114.3815796	 1.58
114.4546202	 1.58
114.52766079999999	 1.58
114.60070139999999	 1.58
114.67374199999999	 1.58
114.74678259999999	 1.58
114.81982319999999	 1.58
114.8928638	 1.58
114.9659044	 1.58
115.038945	 1.58
115.1119856	 1.58
115.1850262	 1.58
115.2580668	 1.58
115.3311074	 1.58
115.40414799999999	 1.58
115.47718859999999	 1.58
115.55022919999999	 1.58
115.62326979999999	 1.58
115.69631039999999	 1.58
115.769351	 1.58
115.8423916	 1.58
115.9154322	 1.58
115.9884728	 1.58
116.0615134	 1.58
116.134554	 1.58
116.2075946	 1.58
116.28063519999999	 1.58
116.35367579999999	 1.58
116.42671639999999	 1.58
116.49975699999999	 1.58
116.5727976	 1.58
116.6458382	 1.58
116.7188788	 1.58
116.7919194	 1.58
116.86496	 1.58
116.9380006	 1.58
117.0110412	 1.58
117.08408179999999	 1.58
117.15712239999999	 1.58
117.23016299999999	 1.58
117.30320359999999	 1.58
117.37624419999999	 1.58
117.4492848	 1.58
117.5223254	 1.58
117.595366	 1.58
117.6684066	 1.58
117.7414472	 1.58
117.8144878	 1.58
117.8875284	 1.58
117.96056899999999	 1.58
118.03360959999999	 1.58
118.10665019999999	 1.58
118.17969079999999	 1.58
118.25273139999999	 1.58
118.325772	 1.58
118.3988126	 1.58
118.4718532	 1.58
118.5448938	 1.58
118.6179344	 1.58
118.690975	 1.58
118.7640156	 1.58
118.83705619999999	 1.58
118.91009679999999	 1.58
118.98313739999999	 1.58
119.05617799999999	 1.58
119.12921859999999	 1.58
119.2022592	 1.58
119.2752998	 1.58
119.3483404	 1.58
119.421381	 1.58
119.4944216	 1.58
119.5674622	 1.58
119.6405028	 1.58
119.71354339999999	 1.58
119.78658399999999	 1.58
119.85962459999999	 1.58
119.93266519999999	 1.58
120.0057058	 1.58
120.0787464	 1.58
120.151787	 1.58
120.2248276	 1.58
120.2978682	 1.58
120.3709088	 1.58
120.4439494	 1.58
120.51698999999999	 1.58
120.59003059999999	 1.58
120.66307119999999	 1.58
120.73611179999999	 1.58
120.80915239999999	 1.58
120.882193	 1.58
120.9552336	 1.58
121.0282742	 1.58
121.1013148	 1.58
121.1743554	 1.58
121.247396	 1.58
121.3204366	 1.58
121.39347719999999	 1.58
121.46651779999999	 1.58
121.53955839999999	 1.58
121.61259899999999	 1.58
121.68563959999999	 1.58
121.7586802	 1.58
121.8317208	 1.58
121.9047614	 1.58
121.977802	 1.58
122.0508426	 1.58
122.1238832	 1.58
122.1969238	 1.58
122.26996439999999	 1.58
122.34300499999999	 1.58
122.41604559999999	 1.58
122.48908619999999	 1.58
122.56212679999999	 1.58
122.6351674	 1.58
122.708208	 1.58
122.7812486	 1.58
122.8542892	 1.58
122.9273298	 1.58
123.0003704	 1.58
123.073411	 1.58
123.14645159999999	 1.58
123.21949219999999	 1.58
123.29253279999999	 1.58
123.36557339999999	 1.58
123.43861399999999	 1.58
123.5116546	 1.58
123.5846952	 1.58
123.6577358	 1.58
123.7307764	 1.58
123.803817	 1.58
123.8768576	 1.58
123.94989819999999	 1.58
124.02293879999999	 1.58
124.09597939999999	 1.58
124.16901999999999	 1.58
124.24206059999999	 1.58
124.3151012	 1.58
124.3881418	 1.58
124.4611824	 1.58
124.534223	 1.58
124.6072636	 1.58
124.6803042	 1.58
124.7533448	 1.58
124.82638539999999	 1.58
124.89942599999999	 1.58
124.97246659999999	 1.58
125.04550719999999	 1.58
125.11854779999999	 1.58
125.1915884	 1.58
125.264629	 1.58
125.3376696	 1.58
125.4107102	 1.58
125.4837508	 1.58
125.5567914	 1.58
125.629832	 1.58
125.70287259999999	 1.58
125.77591319999999	 1.58
125.84895379999999	 1.58
125.92199439999999	 1.58
125.99503499999999	 1.58
126.0680756	 1.58
126.1411162	 1.58
126.2141568	 1.58
126.2871974	 1.58
126.360238	 1.58
126.4332786	 1.58
126.5063192	 1.58
126.57935979999999	 1.58
126.65240039999999	 1.58
126.72544099999999	 1.58
126.79848159999999	 1.58
126.87152219999999	 1.58
126.9445628	 1.58
127.0176034	 1.58
127.090644	 1.58
127.1636846	 1.58
127.2367252	 1.58
127.3097658	 1.58
127.38280639999999	 1.58
127.45584699999999	 1.58
127.52888759999999	 1.58
127.60192819999999	 1.58
127.67496879999999	 1.58
127.7480094	 1.58
127.82105	 1.58
127.8940906	 1.58
127.9671312	 1.58
128.0401718	 1.58
128.1132124	 1.58
128.18625300000002	 1.58
128.2592936	 1.58
128.33233420000002	 1.58
128.4053748	 1.58
128.47841540000002	 1.58
128.551456	 1.58
128.62449660000001	 1.58
128.6975372	 1.58
128.7705778	 1.58
128.8436184	 1.58
128.916659	 1.58
128.9896996	 1.58
129.0627402	 1.58
129.13578080000002	 1.58
129.2088214	 1.58
129.28186200000002	 1.58
129.3549026	 1.58
129.42794320000002	 1.58
129.5009838	 1.58
129.5740244	 1.58
129.647065	 1.58
129.7201056	 1.58
129.7931462	 1.58
129.8661868	 1.58
129.93922740000002	 1.58
130.012268	 1.58
130.08530860000002	 1.58
130.1583492	 1.58
130.23138980000002	 1.58
130.3044304	 1.58
130.377471	 1.58
130.4505116	 1.58
130.5235522	 1.58
130.5965928	 1.58
130.6696334	 1.58
130.742674	 1.58
130.8157146	 1.58
130.88875520000002	 1.58
130.9617958	 1.58
131.03483640000002	 1.58
131.107877	 1.58
131.18091760000001	 1.58
131.2539582	 1.58
131.3269988	 1.58
131.4000394	 1.58
131.47308	 1.58
131.5461206	 1.58
131.6191612	 1.58
131.69220180000002	 1.58
131.7652424	 1.58
131.83828300000002	 1.58
131.9113236	 1.58
131.98436420000002	 1.58
132.0574048	 1.58
132.1304454	 1.58
132.203486	 1.58
132.2765266	 1.58
132.3495672	 1.58
132.4226078	 1.58
132.49564840000002	 1.58
132.568689	 1.58
132.64172960000002	 1.58
132.7147702	 1.58
132.78781080000002	 1.58
132.8608514	 1.58
132.93389200000001	 1.58
133.0069326	 1.58
133.0799732	 1.58
133.1530138	 1.58
133.2260544	 1.58
133.299095	 1.58
133.3721356	 1.58
133.44517620000002	 1.58
133.5182168	 1.58
133.59125740000002	 1.58
133.664298	 1.58
133.73733860000002	 1.58
133.8103792	 1.58
133.8834198	 1.58
133.9564604	 1.58
134.029501	 1.58
134.1025416	 1.58
134.1755822	 1.58
134.24862280000002	 1.58
134.3216634	 1.58
134.39470400000002	 1.58
134.4677446	 1.58
134.54078520000002	 1.58
134.6138258	 1.58
134.6868664	 1.58
134.759907	 1.58
134.8329476	 1.58
134.9059882	 1.58
134.9790288	 1.58
135.05206940000002	 1.58
135.12511	 1.58
135.19815060000002	 1.58
135.2711912	 1.58
135.34423180000002	 1.58
135.4172724	 1.58
135.49031300000001	 1.58
135.5633536	 1.58
135.6363942	 1.58
135.7094348	 1.58
135.7824754	 1.58
135.855516	 1.58
135.9285566	 1.58
136.00159720000002	 1.58
136.0746378	 1.58
136.14767840000002	 1.58
136.220719	 1.58
136.29375960000002	 1.58
136.3668002	 1.58
136.4398408	 1.58
136.5128814	 1.58
136.585922	 1.58
136.6589626	 1.58
136.7320032	 1.58
136.80504380000002	 1.58
136.8780844	 1.58
136.95112500000002	 1.58
137.0241656	 1.58
137.09720620000002	 1.58
137.1702468	 1.58
137.2432874	 1.58
137.316328	 1.58
137.3893686	 1.58
137.4624092	 1.58
137.5354498	 1.58
137.6084904	 1.58
137.681531	 1.58
137.75457160000002	 1.58
137.8276122	 1.58
137.90065280000002	 1.58
137.9736934	 1.58
138.04673400000001	 1.58
138.1197746	 1.58
138.1928152	 1.58
138.2658558	 1.58
138.3388964	 1.58
138.411937	 1.58
138.4849776	 1.58
138.55801820000002	 1.58
138.6310588	 1.58
138.70409940000002	 1.58
138.77714	 1.58
138.85018060000002	 1.58
138.9232212	 1.58
138.9962618	 1.58
139.0693024	 1.58
139.142343	 1.58
139.2153836	 1.58
139.2884242	 1.58
139.36146480000002	 1.58
139.4345054	 1.58
139.50754600000002	 1.58
139.5805866	 1.58
139.65362720000002	 1.58
139.7266678	 1.58
139.79970840000001	 1.58
139.872749	 1.58
139.9457896	 1.58
140.0188302	 1.58
140.0918708	 1.58
140.1649114	 1.58
140.237952	 1.58
140.31099260000002	 1.58
140.3840332	 1.58
140.45707380000002	 1.58
140.5301144	 1.58
140.60315500000002	 1.58
140.6761956	 1.58
140.7492362	 1.58
140.8222768	 1.58
140.8953174	 1.58
140.968358	 1.58
141.0413986	 1.58
141.11443920000002	 1.58
141.1874798	 1.58
141.26052040000002	 1.58
141.333561	 1.58
141.40660160000002	 1.58
141.4796422	 1.58
141.5526828	 1.58
141.6257234	 1.58
141.698764	 1.58
141.7718046	 1.58
141.8448452	 1.58
141.9178858	 1.58
141.9909264	 1.58
142.06396700000002	 1.58
142.1370076	 1.58
142.21004820000002	 1.58
142.2830888	 1.58
142.35612940000001	 1.58
142.42917	 1.58
142.5022106	 1.58
142.5752512	 1.58
142.6482918	 1.58
142.7213324	 1.58
142.794373	 1.58
142.86741360000002	 1.58
142.9404542	 1.58
143.01349480000002	 1.58
143.0865354	 1.58
143.15957600000002	 1.58
143.2326166	 1.58
143.3056572	 1.58
143.3786978	 1.58
143.4517384	 1.58
143.524779	 1.58
143.5978196	 1.58
143.67086020000002	 1.58
143.7439008	 1.58
143.81694140000002	 1.58
143.889982	 1.58
143.96302260000002	 1.58
144.0360632	 1.58
144.1091038	 1.58
144.1821444	 1.58
144.255185	 1.58
144.3282256	 1.58
144.4012662	 1.58
144.4743068	 1.58
144.5473474	 1.58
144.62038800000002	 1.58
144.6934286	 1.58
144.76646920000002	 1.58
144.8395098	 1.58
144.91255040000001	 1.58
144.985591	 1.58
145.0586316	 1.58
145.1316722	 1.58
145.2047128	 1.58
145.2777534	 1.58
145.350794	 1.58
145.42383460000002	 1.58
145.4968752	 1.58
145.56991580000002	 1.58
145.6429564	 1.58
145.71599700000002	 1.58
145.7890376	 1.58
145.8620782	 1.58
145.9351188	 1.58
146.0081594	 1.58
146.0812	 1.58
146.1542406	 1.58
146.22728120000002	 1.58
146.3003218	 1.58
146.37336240000002	 1.58
146.446403	 1.58
146.51944360000002	 1.58
146.5924842	 1.58
146.66552480000001	 1.58
146.7385654	 1.58
146.811606	 1.58
146.8846466	 1.58
146.9576872	 1.58
147.0307278	 1.58
147.1037684	 1.58
147.17680900000002	 1.58
147.2498496	 1.58
147.32289020000002	 1.58
147.3959308	 1.58
147.46897140000002	 1.58
147.542012	 1.58
147.6150526	 1.58
147.6880932	 1.58
147.7611338	 1.58
147.8341744	 1.58
147.907215	 1.58
147.98025560000002	 1.58
148.0532962	 1.58
148.12633680000002	 1.58
148.1993774	 1.58
148.27241800000002	 1.58
148.3454586	 1.58
148.4184992	 1.58
148.4915398	 1.58
148.5645804	 1.58
148.637621	 1.58
148.7106616	 1.58
148.7837022	 1.58
148.8567428	 1.58
148.92978340000002	 1.58
149.002824	 1.58
149.07586460000002	 1.58
149.1489052	 1.58
149.22194580000001	 1.58
149.2949864	 1.58
149.368027	 1.58
149.4410676	 1.58
149.5141082	 1.58
149.5871488	 1.58
149.6601894	 1.58
149.73323000000002	 1.58
149.8062706	 1.58
149.87931120000002	 1.58
149.9523518	 1.58
150.02539240000002	 1.58
150.098433	 1.58
150.1714736	 1.58
150.2445142	 1.58
150.3175548	 1.58
150.3905954	 1.58
150.463636	 1.58
150.53667660000002	 1.58
150.6097172	 1.58
150.68275780000002	 1.58
150.7557984	 1.58
150.82883900000002	 1.58
150.9018796	 1.58
150.9749202	 1.58
151.0479608	 1.58
151.1210014	 1.58
151.194042	 1.58
151.2670826	 1.58
151.3401232	 1.58
151.4131638	 1.58
151.48620440000002	 1.58
151.559245	 1.58
151.63228560000002	 1.58
151.7053262	 1.58
151.77836680000001	 1.58
151.8514074	 1.58
151.924448	 1.58
151.9974886	 1.58
152.0705292	 1.58
152.1435698	 1.58
152.2166104	 1.58
152.28965100000002	 1.58
152.3626916	 1.58
152.43573220000002	 1.58
152.5087728	 1.58
152.58181340000002	 1.58
152.654854	 1.58
152.7278946	 1.58
152.8009352	 1.58
152.8739758	 1.58
152.9470164	 1.58
153.020057	 1.58
153.0930976	 1.58
153.1661382	 1.58
153.23917880000002	 1.58
153.3122194	 1.58
153.38526000000002	 1.58
153.4583006	 1.58
153.5313412	 1.58
153.6043818	 1.58
153.6774224	 1.58
153.750463	 1.58
153.8235036	 1.58
153.8965442	 1.58
153.9695848	 1.58
154.04262540000002	 1.58
154.115666	 1.58
154.18870660000002	 1.58
154.2617472	 1.58
154.33478780000002	 1.58
154.4078284	 1.58
154.480869	 1.58
154.5539096	 1.58
154.6269502	 1.58
154.6999908	 1.58
154.7730314	 1.58
154.84607200000002	 1.58
154.9191126	 1.58
154.99215320000002	 1.58
155.0651938	 1.58
155.13823440000002	 1.58
155.211275	 1.58
155.2843156	 1.58
155.3573562	 1.58
155.4303968	 1.58
155.5034374	 1.58
155.576478	 1.58
155.6495186	 1.58
155.7225592	 1.58
155.79559980000002	 1.58
155.8686404	 1.58
155.94168100000002	 1.58
156.0147216	 1.58
156.08776220000001	 1.58
156.1608028	 1.58
156.2338434	 1.58
156.306884	 1.58
156.3799246	 1.58
156.4529652	 1.58
156.5260058	 1.58
156.59904640000002	 1.58
156.672087	 1.58
156.74512760000002	 1.58
156.8181682	 1.58
156.89120880000002	 1.58
156.9642494	 1.58
157.03729	 1.58
157.1103306	 1.58
157.1833712	 1.58
157.2564118	 1.58
157.3294524	 1.58
157.40249300000002	 1.58
157.4755336	 1.58
157.54857420000002	 1.58
157.6216148	 1.58
157.69465540000002	 1.58
157.767696	 1.58
157.8407366	 1.58
157.9137772	 1.58
157.9868178	 1.58
158.0598584	 1.58
158.132899	 1.58
158.2059396	 1.58
158.2789802	 1.58
