1.412544677734375000e+03 5.315667968750000000e+03 2.119010156250000000e+04 9.275459375000000000e+04 4.070808437500000000e+05 1.399157000000000000e+06
6.929441528320312500e+02 2.782748046875000000e+03 1.321821875000000000e+04 6.818371875000000000e+04 3.097528125000000000e+05 1.180761875000000000e+06
1.446052398681640625e+02 7.481787109375000000e+02 4.187199707031250000e+03 2.369723046875000000e+04 1.243159218750000000e+05 4.963340937500000000e+05
6.255102157592773438e+01 3.589143676757812500e+02 1.995519165039062500e+03 1.159439746093750000e+04 6.039843359375000000e+04 2.619268281250000000e+05
3.166797828674316406e+01 1.897043304443359375e+02 9.959736938476562500e+02 6.016298828125000000e+03 3.055664062500000000e+04 1.379248281250000000e+05
9.662641906738281250e+01 5.453463745117187500e+02 3.059517089843750000e+03 1.768066015625000000e+04 9.271028906250000000e+04 3.908598437500000000e+05
1.316521484375000000e+03 4.996899414062500000e+03 2.030290234375000000e+04 8.995376562500000000e+04 3.973922812500000000e+05 1.387560625000000000e+06
3.206586456298828125e+01 1.920544891357421875e+02 1.009928100585937500e+03 6.092612304687500000e+03 3.103144531250000000e+04 1.399508593750000000e+05
3.164878463745117188e+01 1.895823364257812500e+02 9.953181152343750000e+02 6.012065917968750000e+03 3.052914257812500000e+04 1.377966406250000000e+05
9.153720855712890625e+01 5.192096557617187500e+02 2.915295410156250000e+03 1.691185546875000000e+04 8.847035937500000000e+04 3.737653750000000000e+05
3.347973632812500000e+01 2.006838378906250000e+02 1.055495117187500000e+03 6.343004394531250000e+03 3.237649609375000000e+04 1.452494062500000000e+05
2.128502655029296875e+02 1.079502807617187500e+03 5.741017578125000000e+03 3.268053906250000000e+04 1.640059375000000000e+05 6.538427500000000000e+05
1.068518676757812500e+03 4.123631835937500000e+03 1.771095312500000000e+04 8.275414062500000000e+04 3.689085625000000000e+05 1.327551000000000000e+06
6.255102157592773438e+01 3.589143676757812500e+02 1.995519165039062500e+03 1.159439746093750000e+04 6.039843359375000000e+04 2.619268281250000000e+05
3.155362701416015625e+01 1.889774475097656250e+02 9.920680541992187500e+02 5.991111816406250000e+03 3.039292773437500000e+04 1.371619218750000000e+05
6.255102157592773438e+01 3.589143676757812500e+02 1.995519165039062500e+03 1.159439746093750000e+04 6.039843359375000000e+04 2.619268281250000000e+05
6.255102157592773438e+01 3.589143676757812500e+02 1.995519165039062500e+03 1.159439746093750000e+04 6.039843359375000000e+04 2.619268281250000000e+05
3.156868362426757812e+01 1.890730743408203125e+02 9.925823974609375000e+02 5.994426757812500000e+03 3.041447265625000000e+04 1.372621562500000000e+05
4.040542907714843750e+02 1.848882812500000000e+03 9.248233398437500000e+03 4.878426562500000000e+04 2.431314687500000000e+05 9.441113125000000000e+05
1.250675506591796875e+02 6.713615722656250000e+02 3.742358398437500000e+03 2.138107812500000000e+04 1.123364140625000000e+05 4.589871250000000000e+05
3.425909423828125000e+01 2.055357818603515625e+02 1.080772460937500000e+03 6.473034179687500000e+03 3.308617578125000000e+04 1.485190156250000000e+05
3.157922172546386719e+01 1.891400756835937500e+02 9.929421386718750000e+02 5.996748535156250000e+03 3.042958398437500000e+04 1.373324687500000000e+05
3.142505836486816406e+01 1.881597442626953125e+02 9.876750488281250000e+02 5.962805175781250000e+03 3.020914257812500000e+04 1.363054843750000000e+05
2.165981140136718750e+02 1.098509399414062500e+03 5.816317382812500000e+03 3.314890234375000000e+04 1.661913281250000000e+05 6.625318125000000000e+05
2.247425689697265625e+02 1.140094116210937500e+03 5.985213378906250000e+03 3.417412890625000000e+04 1.708582812500000000e+05 6.820683750000000000e+05
2.855891723632812500e+02 1.416518066406250000e+03 7.235591796875000000e+03 4.004825390625000000e+04 1.974414218750000000e+05 7.865351250000000000e+05
6.255102157592773438e+01 3.589143676757812500e+02 1.995519165039062500e+03 1.159439746093750000e+04 6.039843359375000000e+04 2.619268281250000000e+05
4.952038269042968750e+02 2.133337646484375000e+03 1.057223437500000000e+04 5.559401562500000000e+04 2.727410937500000000e+05 1.045750812500000000e+06
6.255102157592773438e+01 3.589143676757812500e+02 1.995519165039062500e+03 1.159439746093750000e+04 6.039843359375000000e+04 2.619268281250000000e+05
4.398538513183593750e+02 1.963297485351562500e+03 9.801694335937500000e+03 5.143008203125000000e+04 2.550033281250000000e+05 9.873596875000000000e+05
1.207823410034179688e+02 6.543214111328125000e+02 3.638346191406250000e+03 2.084972460937500000e+04 1.092434843750000000e+05 4.492295312500000000e+05
6.255102157592773438e+01 3.589143676757812500e+02 1.995519165039062500e+03 1.159439746093750000e+04 6.039843359375000000e+04 2.619268281250000000e+05
3.165243721008300781e+01 1.896055603027343750e+02 9.954432983398437500e+02 6.012868652343750000e+03 3.053438281250000000e+04 1.378209531250000000e+05
4.803372802734375000e+02 2.089069580078125000e+03 1.037191210937500000e+04 5.445450390625000000e+04 2.680257812500000000e+05 1.031841062500000000e+06
3.152790260314941406e+01 1.888135986328125000e+02 9.911895141601562500e+02 5.985453125000000000e+03 3.035613671875000000e+04 1.369902968750000000e+05
1.098533081054687500e+03 4.234545898437500000e+03 1.804997265625000000e+04 8.372227343750000000e+04 3.729276250000000000e+05 1.336629125000000000e+06
1.916817474365234375e+02 9.745270385742187500e+02 5.291789550781250000e+03 3.008195703125000000e+04 1.510464218750000000e+05 6.047322500000000000e+05
6.255102157592773438e+01 3.589143676757812500e+02 1.995519165039062500e+03 1.159439746093750000e+04 6.039843359375000000e+04 2.619268281250000000e+05
3.140065956115722656e+01 1.880047607421875000e+02 9.868432617187500000e+02 5.957428710937500000e+03 3.017433007812500000e+04 1.361430781250000000e+05
2.889058837890625000e+02 1.430655029296875000e+03 7.299291503906250000e+03 4.032895703125000000e+04 1.986623281250000000e+05 7.916652500000000000e+05
1.241334533691406250e+02 6.676633911132812500e+02 3.719799560546875000e+03 2.126470117187500000e+04 1.116564765625000000e+05 4.569823750000000000e+05
3.165859413146972656e+01 1.896445465087890625e+02 9.956536865234375000e+02 6.014228027343750000e+03 3.054317968750000000e+04 1.378621093750000000e+05
1.495781127929687500e+03 5.587735351562500000e+03 2.191591796875000000e+04 9.520519531250000000e+04 4.150551875000000000e+05 1.406939250000000000e+06
2.413311004638671875e+02 1.221992797851562500e+03 6.357084472656250000e+03 3.615212500000000000e+04 1.796984218750000000e+05 7.176381250000000000e+05
2.467425842285156250e+02 1.246522216796875000e+03 6.468269531250000000e+03 3.663832421875000000e+04 1.821474375000000000e+05 7.258931875000000000e+05
3.165719985961914062e+01 1.896358642578125000e+02 9.956061401367187500e+02 6.013917968750000000e+03 3.054114062500000000e+04 1.378528906250000000e+05
9.874508666992187500e+01 5.561379394531250000e+02 3.115739501953125000e+03 1.797849023437500000e+04 9.419973437500000000e+04 3.967545625000000000e+05
3.284141540527343750e+01 1.967122802734375000e+02 1.035336181640625000e+03 6.235078613281250000e+03 3.180340234375000000e+04 1.426525000000000000e+05
6.255102157592773438e+01 3.589143676757812500e+02 1.995519165039062500e+03 1.159439746093750000e+04 6.039843359375000000e+04 2.619268281250000000e+05
1.883780883789062500e+03 6.932071777343750000e+03 2.574543359375000000e+04 1.101666875000000000e+05 4.493023750000000000e+05 1.497301875000000000e+06
3.220495986938476562e+01 1.928651123046875000e+02 1.014481567382812500e+03 6.119060546875000000e+03 3.117438476562500000e+04 1.403900000000000000e+05
3.167724418640136719e+01 1.897631225585937500e+02 9.962910156250000000e+02 6.018330566406250000e+03 3.056992968750000000e+04 1.379866562500000000e+05
6.255102157592773438e+01 3.589143676757812500e+02 1.995519165039062500e+03 1.159439746093750000e+04 6.039843359375000000e+04 2.619268281250000000e+05
1.885495452880859375e+02 9.594120483398437500e+02 5.223478027343750000e+03 2.968675390625000000e+04 1.490397343750000000e+05 5.984066250000000000e+05
1.812853240966796875e+02 9.230966796875000000e+02 5.062918945312500000e+03 2.873154296875000000e+04 1.446960937500000000e+05 5.831247500000000000e+05
1.925735321044921875e+02 9.787971191406250000e+02 5.311249023437500000e+03 3.019494140625000000e+04 1.516262031250000000e+05 6.065325000000000000e+05
6.255102157592773438e+01 3.589143676757812500e+02 1.995519165039062500e+03 1.159439746093750000e+04 6.039843359375000000e+04 2.619268281250000000e+05
4.154945373535156250e+02 1.885404663085937500e+03 9.427276367187500000e+03 4.962780078125000000e+04 2.468686406250000000e+05 9.581735625000000000e+05
5.945923614501953125e+01 3.421440734863281250e+02 1.908997802734375000e+03 1.105942285156250000e+04 5.745292187500000000e+04 2.520502343750000000e+05
3.178191947937011719e+01 1.904336547851562500e+02 9.998818969726562500e+02 6.040854492187500000e+03 3.072032421875000000e+04 1.386758281250000000e+05
6.255102157592773438e+01 3.589143676757812500e+02 1.995519165039062500e+03 1.159439746093750000e+04 6.039843359375000000e+04 2.619268281250000000e+05
3.168536567687988281e+01 1.898147125244140625e+02 9.965684204101562500e+02 6.020127929687500000e+03 3.058153515625000000e+04 1.380410156250000000e+05
6.255102157592773438e+01 3.589143676757812500e+02 1.995519165039062500e+03 1.159439746093750000e+04 6.039843359375000000e+04 2.619268281250000000e+05
1.062855148315429688e+02 5.919992065429687500e+02 3.300740234375000000e+03 1.900144335937500000e+04 9.933471875000000000e+04 4.152773125000000000e+05
3.158373260498046875e+01 1.891687622070312500e+02 9.930980224609375000e+02 5.997743652343750000e+03 3.043602929687500000e+04 1.373626093750000000e+05
1.312116851806640625e+02 6.952112426757812500e+02 3.891221923828125000e+03 2.213934765625000000e+04 1.164723359375000000e+05 4.721973125000000000e+05
6.255102157592773438e+01 3.589143676757812500e+02 1.995519165039062500e+03 1.159439746093750000e+04 6.039843359375000000e+04 2.619268281250000000e+05
3.162126350402832031e+01 1.894073181152343750e+02 9.943783569335937500e+02 6.006002929687500000e+03 3.048971679687500000e+04 1.376129062500000000e+05
2.386712799072265625e+02 1.209710571289062500e+03 6.300513183593750000e+03 3.589923046875000000e+04 1.784743593750000000e+05 7.129463125000000000e+05
3.142020034790039062e+01 1.881287841796875000e+02 9.875097656250000000e+02 5.961730957031250000e+03 3.020222656250000000e+04 1.362729843750000000e+05
1.083347015380859375e+02 6.013875122070312500e+02 3.348664306640625000e+03 1.927157421875000000e+04 1.006958906250000000e+05 4.199573125000000000e+05
3.075848999023437500e+02 1.507036132812500000e+03 7.661784667968750000e+03 4.173515625000000000e+04 2.064534375000000000e+05 8.209758750000000000e+05
1.372301635742187500e+02 7.180488891601562500e+02 4.027993164062500000e+03 2.281269335937500000e+04 1.201259140625000000e+05 4.837801875000000000e+05
5.668512344360351562e+01 3.285008544921875000e+02 1.821820678710937500e+03 1.055749414062500000e+04 5.431601953125000000e+04 2.434154375000000000e+05
3.225443649291992188e+01 1.931543731689453125e+02 1.016090332031250000e+03 6.128357910156250000e+03 3.122529492187500000e+04 1.405447187500000000e+05
9.888267822265625000e+02 3.835767578125000000e+03 1.678416796875000000e+04 8.019567187500000000e+04 3.584481562500000000e+05 1.303796000000000000e+06
3.564773559570312500e+01 2.139753723144531250e+02 1.128155639648437500e+03 6.716506835937500000e+03 3.438036718750000000e+04 1.547239843750000000e+05
1.221852264404296875e+02 6.599229736328125000e+02 3.672492431640625000e+03 2.102283398437500000e+04 1.102497109375000000e+05 4.525508750000000000e+05
3.814458007812500000e+02 1.775898681640625000e+03 8.892387695312500000e+03 4.724578125000000000e+04 2.357509218750000000e+05 9.164710625000000000e+05
3.569652404785156250e+02 1.692925170898437500e+03 8.512708984375000000e+03 4.561866015625000000e+04 2.270552500000000000e+05 8.872058125000000000e+05
6.255102157592773438e+01 3.589143676757812500e+02 1.995519165039062500e+03 1.159439746093750000e+04 6.039843359375000000e+04 2.619268281250000000e+05
3.229085540771484375e+01 1.933673400878906250e+02 1.017274169921875000e+03 6.135205566406250000e+03 3.126280859375000000e+04 1.406585625000000000e+05
8.644632568359375000e+02 3.398133056640625000e+03 1.533255273437500000e+04 7.615348437500000000e+04 3.427095312500000000e+05 1.262960750000000000e+06
6.255102157592773438e+01 3.589143676757812500e+02 1.995519165039062500e+03 1.159439746093750000e+04 6.039843359375000000e+04 2.619268281250000000e+05
3.165503311157226562e+01 1.896220245361328125e+02 9.955315551757812500e+02 6.013441894531250000e+03 3.053805273437500000e+04 1.378385625000000000e+05
1.107374801635742188e+02 6.123371582031250000e+02 3.404435546875000000e+03 1.958577539062500000e+04 1.022778203125000000e+05 4.253795937500000000e+05
1.401049682617187500e+03 5.277944335937500000e+03 2.108497460937500000e+04 9.242287500000000000e+04 4.059709062500000000e+05 1.397979375000000000e+06
6.255102157592773438e+01 3.589143676757812500e+02 1.995519165039062500e+03 1.159439746093750000e+04 6.039843359375000000e+04 2.619268281250000000e+05
6.894047851562500000e+02 2.770714111328125000e+03 1.317695996093750000e+04 6.800396875000000000e+04 3.090945000000000000e+05 1.179412500000000000e+06
3.253836822509765625e+01 1.948177795410156250e+02 1.025381835937500000e+03 6.181856445312500000e+03 3.151786523437500000e+04 1.414405000000000000e+05
6.052618026733398438e+01 3.477042236328125000e+02 1.938597900390625000e+03 1.124597363281250000e+04 5.854843750000000000e+04 2.547770000000000000e+05
8.787877655029296875e+01 4.995544128417968750e+02 2.812161132812500000e+03 1.632230468750000000e+04 8.529436718750000000e+04 3.588794687500000000e+05
3.170693016052246094e+01 1.899518890380859375e+02 9.973053588867187500e+02 6.024877441406250000e+03 3.061243554687500000e+04 1.381849843750000000e+05
1.630832366943359375e+02 8.335428466796875000e+02 4.595832031250000000e+03 2.614794726562500000e+04 1.343147812500000000e+05 5.345917500000000000e+05
3.162272644042968750e+01 1.894166107177734375e+02 9.944281005859375000e+02 6.006329589843750000e+03 3.049181054687500000e+04 1.376227656250000000e+05
2.604952087402343750e+02 1.307967163085937500e+03 6.738654785156250000e+03 3.788323828125000000e+04 1.880961562500000000e+05 7.465494375000000000e+05
6.255102157592773438e+01 3.589143676757812500e+02 1.995519165039062500e+03 1.159439746093750000e+04 6.039843359375000000e+04 2.619268281250000000e+05
1.557328338623046875e+02 7.976502075195312500e+02 4.418066406250000000e+03 2.512585937500000000e+04 1.305712656250000000e+05 5.166834375000000000e+05
3.153093910217285156e+01 1.888331451416015625e+02 9.912925415039062500e+02 5.986120605468750000e+03 3.036048242187500000e+04 1.370105312500000000e+05
3.140464172363281250e+02 1.532542480468750000e+03 7.786872558593750000e+03 4.224588671875000000e+04 2.092317500000000000e+05 8.314561250000000000e+05
3.178361129760742188e+01 1.904446411132812500e+02 9.999404296875000000e+02 6.041193847656250000e+03 3.072272656250000000e+04 1.386865312500000000e+05
3.167591476440429688e+01 1.897548065185546875e+02 9.962463989257812500e+02 6.018043945312500000e+03 3.056803515625000000e+04 1.379779687500000000e+05
3.156418228149414062e+01 1.890443267822265625e+02 9.924285888671875000e+02 5.993432617187500000e+03 3.040800390625000000e+04 1.372322031250000000e+05
6.405346069335937500e+02 2.603925048828125000e+03 1.259465234375000000e+04 6.545230859375000000e+04 3.000635937500000000e+05 1.159906625000000000e+06
1.114483337402343750e+02 6.155644531250000000e+02 3.420847900390625000e+03 1.967820703125000000e+04 1.027429609375000000e+05 4.269703750000000000e+05
1.341171417236328125e+02 7.062450561523437500e+02 3.957644775390625000e+03 2.246732421875000000e+04 1.182535000000000000e+05 4.778527187500000000e+05
6.255102157592773438e+01 3.589143676757812500e+02 1.995519165039062500e+03 1.159439746093750000e+04 6.039843359375000000e+04 2.619268281250000000e+05
5.223503112792968750e+01 3.039834594726562500e+02 1.676085571289062500e+03 9.774829101562500000e+03 4.967685546875000000e+04 2.259378750000000000e+05
3.096588439941406250e+02 1.515410888671875000e+03 7.702923339843750000e+03 4.189570703125000000e+04 2.073759375000000000e+05 8.245451875000000000e+05
3.166274070739746094e+01 1.896711273193359375e+02 9.957946777343750000e+02 6.015139648437500000e+03 3.054912304687500000e+04 1.378898437500000000e+05
6.255102157592773438e+01 3.589143676757812500e+02 1.995519165039062500e+03 1.159439746093750000e+04 6.039843359375000000e+04 2.619268281250000000e+05
1.170993118286132812e+02 6.395836181640625000e+02 3.548635253906250000e+03 2.038817578125000000e+04 1.065728281250000000e+05 4.404490937500000000e+05
3.149116516113281250e+01 1.885802917480468750e+02 9.899349975585937500e+02 5.977357910156250000e+03 3.030366992187500000e+04 1.367456875000000000e+05
9.374357299804687500e+02 3.659123779296875000e+03 1.620659277343750000e+04 7.875878906250000000e+04 3.525639687500000000e+05 1.291769625000000000e+06
3.137674140930175781e+01 1.878526916503906250e+02 9.860252685546875000e+02 5.952169433593750000e+03 3.014016406250000000e+04 1.359840000000000000e+05
1.451597900390625000e+02 7.505410156250000000e+02 4.199148437500000000e+03 2.376369531250000000e+04 1.246172890625000000e+05 4.973196562500000000e+05
3.463333129882812500e+02 1.654322143554687500e+03 8.349920898437500000e+03 4.486774218750000000e+04 2.226859062500000000e+05 8.742501875000000000e+05
8.089346923828125000e+02 3.194802734375000000e+03 1.464681347656250000e+04 7.375855468750000000e+04 3.331412812500000000e+05 1.234450500000000000e+06
6.255102157592773438e+01 3.589143676757812500e+02 1.995519165039062500e+03 1.159439746093750000e+04 6.039843359375000000e+04 2.619268281250000000e+05
3.709904479980468750e+01 2.226494598388671875e+02 1.178257080078125000e+03 7.008148437500000000e+03 3.577778906250000000e+04 1.615689531250000000e+05
1.256895751953125000e+03 4.795953125000000000e+03 1.972536914062500000e+04 8.816184375000000000e+04 3.913465937500000000e+05 1.375506625000000000e+06
2.166465576171875000e+03 8.004090820312500000e+03 2.914553320312500000e+04 1.215411093750000000e+05 4.704967812500000000e+05 1.602994500000000000e+06
1.763135833740234375e+02 8.976607666015625000e+02 4.937799316406250000e+03 2.799999804687500000e+04 1.415445312500000000e+05 5.695504375000000000e+05
3.171703338623046875e+01 1.900158538818359375e+02 9.976496582031250000e+02 6.027089355468750000e+03 3.062689257812500000e+04 1.382520781250000000e+05
8.037908325195312500e+02 3.175744140625000000e+03 1.458164257812500000e+04 7.354685156250000000e+04 3.321153750000000000e+05 1.231520125000000000e+06
7.465814208984375000e+02 2.965739013671875000e+03 1.385199121093750000e+04 7.074625000000000000e+04 3.201961875000000000e+05 1.200043750000000000e+06
6.255102157592773438e+01 3.589143676757812500e+02 1.995519165039062500e+03 1.159439746093750000e+04 6.039843359375000000e+04 2.619268281250000000e+05
3.165538978576660156e+01 1.896241912841796875e+02 9.955435180664062500e+02 6.013516601562500000e+03 3.053860546875000000e+04 1.378406562500000000e+05
3.138214302062988281e+01 1.878870086669921875e+02 9.862096557617187500e+02 5.953356445312500000e+03 3.014792578125000000e+04 1.360199218750000000e+05
6.255102157592773438e+01 3.589143676757812500e+02 1.995519165039062500e+03 1.159439746093750000e+04 6.039843359375000000e+04 2.619268281250000000e+05
3.738067245483398438e+01 2.243251190185546875e+02 1.187958862304687500e+03 7.064905761718750000e+03 3.604846093750000000e+04 1.628998125000000000e+05
3.577251434326171875e+01 2.147239532470703125e+02 1.132470703125000000e+03 6.741502441406250000e+03 3.450061328125000000e+04 1.553111875000000000e+05
6.255102157592773438e+01 3.589143676757812500e+02 1.995519165039062500e+03 1.159439746093750000e+04 6.039843359375000000e+04 2.619268281250000000e+05
1.437637939453125000e+03 5.397657714843750000e+03 2.141705468750000000e+04 9.349064062500000000e+04 4.095434062500000000e+05 1.401978125000000000e+06
3.165351486206054688e+01 1.896121673583984375e+02 9.954799194335937500e+02 6.013104003906250000e+03 3.053586718750000000e+04 1.378281875000000000e+05
3.164280128479003906e+01 1.895442810058593750e+02 9.951140136718750000e+02 6.010752929687500000e+03 3.052058398437500000e+04 1.377567031250000000e+05
2.304868164062500000e+03 8.547150390625000000e+03 3.071540234375000000e+04 1.269553437500000000e+05 4.797087812500000000e+05 1.648348875000000000e+06
5.513541870117187500e+02 2.312378173828125000e+03 1.139011132812500000e+04 5.967382421875000000e+04 2.849565312500000000e+05 1.095485000000000000e+06
3.597776184082031250e+02 1.703109985351562500e+03 8.553633789062500000e+03 4.579825781250000000e+04 2.281722968750000000e+05 8.901016875000000000e+05
3.147238540649414062e+01 1.884607391357421875e+02 9.892922973632812500e+02 5.973227050781250000e+03 3.027677343750000000e+04 1.366205468750000000e+05
3.170591163635253906e+01 1.899451751708984375e+02 9.972695922851562500e+02 6.024641113281250000e+03 3.061091796875000000e+04 1.381781250000000000e+05
2.697319946289062500e+02 1.348145629882812500e+03 6.924400878906250000e+03 3.868036718750000000e+04 1.915791562500000000e+05 7.612404375000000000e+05
1.448815917968750000e+02 7.493562011718750000e+02 4.193154296875000000e+03 2.373035937500000000e+04 1.244660937500000000e+05 4.968251562500000000e+05
6.255102157592773438e+01 3.589143676757812500e+02 1.995519165039062500e+03 1.159439746093750000e+04 6.039843359375000000e+04 2.619268281250000000e+05
3.163506317138671875e+01 1.894950256347656250e+02 9.948497314453125000e+02 6.009045410156250000e+03 3.050949804687500000e+04 1.377052187500000000e+05
6.255102157592773438e+01 3.589143676757812500e+02 1.995519165039062500e+03 1.159439746093750000e+04 6.039843359375000000e+04 2.619268281250000000e+05
3.231029510498046875e+01 1.934809722900390625e+02 1.017905944824218750e+03 6.138852050781250000e+03 3.128279101562500000e+04 1.407193437500000000e+05
5.900973892211914062e+01 3.398818664550781250e+02 1.895272949218750000e+03 1.097713574218750000e+04 5.692764062500000000e+04 2.507474375000000000e+05
3.187054634094238281e+01 1.909666900634765625e+02 1.002983825683593750e+03 6.057018554687500000e+03 3.082809375000000000e+04 1.391173125000000000e+05
3.166439247131347656e+01 1.896812591552734375e+02 9.958511962890625000e+02 6.015500976562500000e+03 3.055145117187500000e+04 1.379006250000000000e+05
6.877584838867187500e+01 3.916491699218750000e+02 2.189525634765625000e+03 1.272775097656250000e+04 6.567164062500000000e+04 2.818825625000000000e+05
3.165701675415039062e+01 1.896346740722656250e+02 9.955995483398437500e+02 6.013877929687500000e+03 3.054093359375000000e+04 1.378517187500000000e+05
3.167328071594238281e+01 1.897378997802734375e+02 9.961555786132812500e+02 6.017458496093750000e+03 3.056421679687500000e+04 1.379602187500000000e+05
6.255102157592773438e+01 3.589143676757812500e+02 1.995519165039062500e+03 1.159439746093750000e+04 6.039843359375000000e+04 2.619268281250000000e+05
3.162071800231933594e+01 1.894039764404296875e+02 9.943598632812500000e+02 6.005888671875000000e+03 3.048893164062500000e+04 1.376093750000000000e+05
3.140555191040039062e+01 1.880357971191406250e+02 9.870098876953125000e+02 5.958514160156250000e+03 3.018134960937500000e+04 1.361756718750000000e+05
3.642835388183593750e+02 1.718894531250000000e+03 8.619323242187500000e+03 4.607350000000000000e+04 2.298638593750000000e+05 8.946691875000000000e+05
5.721744537353515625e+01 3.311673278808593750e+02 1.838988769531250000e+03 1.065838574218750000e+04 5.492295703125000000e+04 2.451314062500000000e+05
3.169173431396484375e+01 1.898551940917968750e+02 9.967857055664062500e+02 6.021522460937500000e+03 3.059063671875000000e+04 1.380834218750000000e+05
1.343463439941406250e+02 7.071113891601562500e+02 3.962856445312500000e+03 2.249303125000000000e+04 1.183933046875000000e+05 4.782950000000000000e+05
6.255102157592773438e+01 3.589143676757812500e+02 1.995519165039062500e+03 1.159439746093750000e+04 6.039843359375000000e+04 2.619268281250000000e+05
3.165095710754394531e+01 1.895958862304687500e+02 9.953915405273437500e+02 6.012541503906250000e+03 3.053220117187500000e+04 1.378111093750000000e+05
2.073411102294921875e+02 1.051789916992187500e+03 5.628263671875000000e+03 3.199011523437500000e+04 1.607324375000000000e+05 6.405178750000000000e+05
1.213905151367187500e+03 4.644276367187500000e+03 1.927824609375000000e+04 8.690417968750000000e+04 3.865479687500000000e+05 1.363163375000000000e+06
6.255102157592773438e+01 3.589143676757812500e+02 1.995519165039062500e+03 1.159439746093750000e+04 6.039843359375000000e+04 2.619268281250000000e+05
6.255102157592773438e+01 3.589143676757812500e+02 1.995519165039062500e+03 1.159439746093750000e+04 6.039843359375000000e+04 2.619268281250000000e+05
1.785392913818359375e+02 9.088989257812500000e+02 4.994693847656250000e+03 2.833410546875000000e+04 1.430061250000000000e+05 5.760882500000000000e+05
2.440269470214843750e+02 1.234223144531250000e+03 6.412567382812500000e+03 3.639503906250000000e+04 1.809217187500000000e+05 7.217645625000000000e+05
1.861554687500000000e+03 6.849083007812500000e+03 2.548058007812500000e+04 1.092911171875000000e+05 4.474431562500000000e+05 1.489716000000000000e+06
2.402637023925781250e+02 1.217142700195312500e+03 6.335061035156250000e+03 3.605554687500000000e+04 1.792116875000000000e+05 7.159961250000000000e+05
6.578242797851562500e+02 2.662778808593750000e+03 1.280504882812500000e+04 6.636912500000000000e+04 3.032542500000000000e+05 1.167428500000000000e+06
6.255102157592773438e+01 3.589143676757812500e+02 1.995519165039062500e+03 1.159439746093750000e+04 6.039843359375000000e+04 2.619268281250000000e+05
2.546896484375000000e+03 9.509744140625000000e+03 3.338128125000000000e+04 1.364186093750000000e+05 4.948131875000000000e+05 1.723798250000000000e+06
7.348109130859375000e+02 2.923964599609375000e+03 1.370219726562500000e+04 7.017870312500000000e+04 3.178274375000000000e+05 1.194910500000000000e+06
9.990897369384765625e+01 5.620394897460937500e+02 3.146555908203125000e+03 1.814036523437500000e+04 9.501254687500000000e+04 3.999739375000000000e+05
3.168807792663574219e+01 1.898319091796875000e+02 9.966611328125000000e+02 6.020718261718750000e+03 3.058544335937500000e+04 1.380590625000000000e+05
1.265103912353515625e+02 6.770021972656250000e+02 3.778122070312500000e+03 2.156563085937500000e+04 1.133569609375000000e+05 4.621787187500000000e+05
3.163813018798828125e+01 1.895144653320312500e+02 9.949546508789062500e+02 6.009715820312500000e+03 3.051385937500000000e+04 1.377255625000000000e+05
1.190368652343750000e+02 6.473203125000000000e+02 3.595708007812500000e+03 2.063316796875000000e+04 1.079860000000000000e+05 4.450709687500000000e+05
3.170278930664062500e+01 1.899255371093750000e+02 9.971636352539062500e+02 6.023963867187500000e+03 3.060650976562500000e+04 1.381574375000000000e+05
1.921292419433593750e+02 9.766535034179687500e+02 5.301522949218750000e+03 3.013835351562500000e+04 1.513362343750000000e+05 6.056192500000000000e+05
3.148647117614746094e+01 1.885502624511718750e+02 9.897745361328125000e+02 5.976326171875000000e+03 3.029693750000000000e+04 1.367143906250000000e+05
3.166031646728515625e+01 1.896555786132812500e+02 9.957125244140625000e+02 6.014606445312500000e+03 3.054562695312500000e+04 1.378736718750000000e+05
3.221986999511718750e+02 1.564515380859375000e+03 7.942848144531250000e+03 4.291451953125000000e+04 2.126053281250000000e+05 8.429129375000000000e+05
3.139088249206542969e+01 1.879425659179687500e+02 9.865092163085937500e+02 5.955281250000000000e+03 3.016037695312500000e+04 1.360780468750000000e+05
2.255901184082031250e+02 1.144483154296875000e+03 6.004050292968750000e+03 3.428646484375000000e+04 1.713280468750000000e+05 6.841393750000000000e+05
6.255102157592773438e+01 3.589143676757812500e+02 1.995519165039062500e+03 1.159439746093750000e+04 6.039843359375000000e+04 2.619268281250000000e+05
2.450525146484375000e+03 9.121878906250000000e+03 3.233049609375000000e+04 1.325374531250000000e+05 4.885790312500000000e+05 1.694563125000000000e+06
3.110834655761718750e+02 1.521125244140625000e+03 7.730571777343750000e+03 4.200524609375000000e+04 2.080034218750000000e+05 8.269059375000000000e+05
2.142622680664062500e+02 1.086665405273437500e+03 5.769448730468750000e+03 3.285726562500000000e+04 1.648311875000000000e+05 6.571226875000000000e+05
7.317158508300781250e+01 4.156423645019531250e+02 2.339193847656250000e+03 1.354937109375000000e+04 6.982927343750000000e+04 2.979056875000000000e+05
6.255102157592773438e+01 3.589143676757812500e+02 1.995519165039062500e+03 1.159439746093750000e+04 6.039843359375000000e+04 2.619268281250000000e+05
6.255102157592773438e+01 3.589143676757812500e+02 1.995519165039062500e+03 1.159439746093750000e+04 6.039843359375000000e+04 2.619268281250000000e+05
3.166536712646484375e+01 1.896877746582031250e+02 9.958862304687500000e+02 6.015719726562500000e+03 3.055291015625000000e+04 1.379072031250000000e+05
1.683017883300781250e+02 8.586665039062500000e+02 4.730857421875000000e+03 2.685486132812500000e+04 1.368600937500000000e+05 5.475109375000000000e+05
3.145388031005859375e+01 1.883431549072265625e+02 9.886613159179687500e+02 5.969155273437500000e+03 3.025036914062500000e+04 1.364973437500000000e+05
1.334286041259765625e+02 7.036386108398437500e+02 3.941948486328125000e+03 2.238989648437500000e+04 1.178331406250000000e+05 4.765202500000000000e+05
3.168387031555175781e+01 1.898052368164062500e+02 9.965171508789062500e+02 6.019794433593750000e+03 3.057940625000000000e+04 1.380308906250000000e+05
1.219272766113281250e+02 6.588951416015625000e+02 3.666221435546875000e+03 2.099105859375000000e+04 1.100649296875000000e+05 4.519414375000000000e+05
1.580892791748046875e+02 8.093395385742187500e+02 4.472661132812500000e+03 2.546148632812500000e+04 1.318208281250000000e+05 5.225506562500000000e+05
3.143637275695800781e+01 1.882319030761718750e+02 9.880632324218750000e+02 5.965296875000000000e+03 3.022536718750000000e+04 1.363807500000000000e+05
5.294625473022460938e+01 3.080265502929687500e+02 1.700145874023437500e+03 9.903028320312500000e+03 5.042619921875000000e+04 2.288539687500000000e+05
1.303675231933593750e+02 6.919876098632812500e+02 3.871832763671875000e+03 2.204332031250000000e+04 1.159510078125000000e+05 4.705358125000000000e+05
3.145693016052246094e+01 1.883625335693359375e+02 9.887655029296875000e+02 5.969827148437500000e+03 3.025472265625000000e+04 1.365176562500000000e+05
1.994331817626953125e+02 1.012884582519531250e+03 5.461320312500000000e+03 3.103922851562500000e+04 1.559485000000000000e+05 6.217693125000000000e+05
1.139050674438476562e+02 6.265161743164062500e+02 3.476880126953125000e+03 1.999185156250000000e+04 1.043535703125000000e+05 4.325879375000000000e+05
5.416693725585937500e+02 2.281270263671875000e+03 1.124259570312500000e+04 5.905994140625000000e+04 2.835263437500000000e+05 1.088426625000000000e+06
4.512114257812500000e+02 1.999287719726562500e+03 9.971945312500000000e+03 5.225120312500000000e+04 2.587200625000000000e+05 1.000548687500000000e+06
7.938228759765625000e+02 3.138987792968750000e+03 1.445374121093750000e+04 7.311515625000000000e+04 3.301033125000000000e+05 1.225654750000000000e+06
2.512501953125000000e+03 9.371243164062500000e+03 3.300609375000000000e+04 1.350332343750000000e+05 4.925895000000000000e+05 1.713446125000000000e+06
4.026269912719726562e+01 2.408448028564453125e+02 1.289304321289062500e+03 7.652715332031250000e+03 3.880950781250000000e+04 1.767724843750000000e+05
3.168832588195800781e+01 1.898336334228515625e+02 9.966691894531250000e+02 6.020775390625000000e+03 3.058573437500000000e+04 1.380607656250000000e+05
2.459520507812500000e+03 9.158026367187500000e+03 3.242859960937500000e+04 1.328974218750000000e+05 4.891543437500000000e+05 1.697332000000000000e+06
2.507040039062500000e+03 9.349230468750000000e+03 3.294646875000000000e+04 1.348123125000000000e+05 4.922344687500000000e+05 1.711785250000000000e+06
1.435181732177734375e+02 7.435473632812500000e+02 4.163709960937500000e+03 2.356666992187500000e+04 1.237226484375000000e+05 4.943872812500000000e+05
1.069705047607421875e+02 5.951423339843750000e+02 3.316798339843750000e+03 1.909195507812500000e+04 9.979085937500000000e+04 4.168470312500000000e+05
4.517878723144531250e+01 2.677133178710937500e+02 1.450517089843750000e+03 8.559583007812500000e+03 4.321296484375000000e+04 1.985759375000000000e+05
